Linux 5.8.6-1-MANJARO (bblaszkow-pc-manjaro) 	28.09.2020 	_x86_64_	(4 CPU)

02:47:18        CPU     %user     %nice   %system   %iowait    %steal     %idle
02:47:19        all     39,49      1,77     11,65      0,51      0,00     46,58
02:47:19          0     36,27      2,94      9,80      0,00      0,00     50,98
02:47:19          1     25,77      2,06     13,40      0,00      0,00     58,76
02:47:19          2     37,37      1,01     12,12      0,00      0,00     49,49
02:47:19          3     58,76      1,03     11,34      2,06      0,00     26,80

02:47:19        CPU     %user     %nice   %system   %iowait    %steal     %idle
02:47:20        all     23,06      0,00      2,51      0,25      0,00     74,19
02:47:20          0      1,00      0,00      0,00      0,00      0,00     99,00
02:47:20          1      0,00      0,00      1,00      1,00      0,00     98,00
02:47:20          2      0,00      0,00      1,01      0,00      0,00     98,99
02:47:20          3     91,00      0,00      8,00      0,00      0,00      1,00

02:47:20        CPU     %user     %nice   %system   %iowait    %steal     %idle
02:47:21        all     23,25      0,00      2,25      0,00      0,00     74,50
02:47:21          0      2,02      0,00      0,00      0,00      0,00     97,98
02:47:21          1      0,00      0,00      0,00      0,00      0,00    100,00
02:47:21          2      0,99      0,00      0,00      0,00      0,00     99,01
02:47:21          3     89,11      0,00      8,91      0,00      0,00      1,98

02:47:21        CPU     %user     %nice   %system   %iowait    %steal     %idle
02:47:22        all      5,51      0,00      1,50      0,00      0,00     92,98
02:47:22          0     13,86      0,00      1,98      0,00      0,00     84,16
02:47:22          1      2,97      0,00      1,98      0,00      0,00     95,05
02:47:22          2      3,03      0,00      1,01      0,00      0,00     95,96
02:47:22          3      2,04      0,00      1,02      0,00      0,00     96,94

02:47:22        CPU     %user     %nice   %system   %iowait    %steal     %idle
02:47:23        all      0,00      0,00      0,00      0,00      0,00    100,00
02:47:23          0      0,00      0,00      0,00      0,00      0,00    100,00
02:47:23          1      0,00      0,00      0,00      0,00      0,00    100,00
02:47:23          2      0,00      0,00      0,00      0,00      0,00    100,00
02:47:23          3      0,00      0,00      0,00      0,00      0,00    100,00

02:47:23        CPU     %user     %nice   %system   %iowait    %steal     %idle
02:47:24        all      0,00      0,00      0,00      0,25      0,00     99,75
02:47:24          0      0,00      0,00      0,00      0,00      0,00    100,00
02:47:24          1      0,00      0,00      0,00      0,00      0,00    100,00
02:47:24          2      0,00      0,00      0,00      0,00      0,00    100,00
02:47:24          3      0,00      0,00      0,00      1,00      0,00     99,00

02:47:24        CPU     %user     %nice   %system   %iowait    %steal     %idle
02:47:25        all      0,00      0,00      0,00      0,00      0,00    100,00
02:47:25          0      0,00      0,00      0,00      0,00      0,00    100,00
02:47:25          1      0,00      0,00      0,00      0,00      0,00    100,00
02:47:25          2      0,00      0,00      0,00      0,00      0,00    100,00
02:47:25          3      0,00      0,00      0,00      0,00      0,00    100,00

02:47:25        CPU     %user     %nice   %system   %iowait    %steal     %idle
02:47:26        all      0,25      0,00      0,00      0,00      0,00     99,75
02:47:26          0      1,00      0,00      0,00      0,00      0,00     99,00
02:47:26          1      0,00      0,00      0,00      0,00      0,00    100,00
02:47:26          2      0,00      0,00      0,00      0,00      0,00    100,00
02:47:26          3      0,00      0,00      0,00      0,00      0,00    100,00

02:47:26        CPU     %user     %nice   %system   %iowait    %steal     %idle
02:47:27        all      0,00      0,00      0,00      0,00      0,00    100,00
02:47:27          0      0,00      0,00      0,00      0,00      0,00    100,00
02:47:27          1      0,00      0,00      0,00      0,00      0,00    100,00
02:47:27          2      0,00      0,00      0,00      0,00      0,00    100,00
02:47:27          3      0,00      0,00      0,00      0,00      0,00    100,00

02:47:27        CPU     %user     %nice   %system   %iowait    %steal     %idle
02:47:28        all      0,25      0,00      0,25      0,00      0,00     99,50
02:47:28          0      0,00      0,00      1,00      0,00      0,00     99,00
02:47:28          1      0,00      0,00      0,00      0,00      0,00    100,00
02:47:28          2      0,00      0,00      0,00      0,00      0,00    100,00
02:47:28          3      0,99      0,00      0,00      0,00      0,00     99,01

02:47:28        CPU     %user     %nice   %system   %iowait    %steal     %idle
02:47:29        all      0,00      0,00      0,00      0,00      0,00    100,00
02:47:29          0      0,00      0,00      0,00      0,00      0,00    100,00
02:47:29          1      0,00      0,00      0,00      0,00      0,00    100,00
02:47:29          2      0,00      0,00      0,00      0,00      0,00    100,00
02:47:29          3      0,00      0,00      0,00      0,00      0,00    100,00

02:47:29        CPU     %user     %nice   %system   %iowait    %steal     %idle
02:47:30        all      0,25      0,25      0,00      0,25      0,00     99,25
02:47:30          0      1,00      0,00      0,00      0,00      0,00     99,00
02:47:30          1      0,00      1,00      0,00      0,00      0,00     99,00
02:47:30          2      0,00      0,00      0,00      0,99      0,00     99,01
02:47:30          3      0,00      0,00      0,00      0,00      0,00    100,00

02:47:30        CPU     %user     %nice   %system   %iowait    %steal     %idle
02:47:31        all      1,01      0,00      2,02      0,00      0,00     96,98
02:47:31          0      0,00      0,00      1,01      0,00      0,00     98,99
02:47:31          1      1,01      0,00      3,03      0,00      0,00     95,96
02:47:31          2      2,97      0,00      2,97      0,00      0,00     94,06
02:47:31          3      0,00      0,00      1,02      0,00      0,00     98,98

02:47:31        CPU     %user     %nice   %system   %iowait    %steal     %idle
02:47:32        all      0,25      0,00      0,00      0,00      0,00     99,75
02:47:32          0      0,99      0,00      0,00      0,00      0,00     99,01
02:47:32          1      0,00      0,00      0,00      0,00      0,00    100,00
02:47:32          2      0,00      0,00      0,00      0,00      0,00    100,00
02:47:32          3      0,00      0,00      0,00      0,00      0,00    100,00

02:47:32        CPU     %user     %nice   %system   %iowait    %steal     %idle
02:47:33        all      0,00      0,00      0,00      0,00      0,00    100,00
02:47:33          0      0,00      0,00      0,00      0,00      0,00    100,00
02:47:33          1      0,00      0,00      0,00      0,00      0,00    100,00
02:47:33          2      0,00      0,00      0,00      0,00      0,00    100,00
02:47:33          3      0,00      0,00      0,00      0,00      0,00    100,00

02:47:33        CPU     %user     %nice   %system   %iowait    %steal     %idle
02:47:34        all     55,89      0,00     10,53      0,25      0,00     33,33
02:47:34          0     54,08      0,00      7,14      0,00      0,00     38,78
02:47:34          1     49,02      0,00     14,71      0,98      0,00     35,29
02:47:34          2     61,22      0,00      3,06      0,00      0,00     35,71
02:47:34          3     59,41      0,00     16,83      0,00      0,00     23,76

02:47:34        CPU     %user     %nice   %system   %iowait    %steal     %idle
02:47:35        all     83,42      0,50     12,81      0,00      0,00      3,27
02:47:35          0     91,00      2,00      4,00      0,00      0,00      3,00
02:47:35          1     63,92      0,00     28,87      0,00      0,00      7,22
02:47:35          2     96,04      0,00      3,96      0,00      0,00      0,00
02:47:35          3     82,00      0,00     15,00      0,00      0,00      3,00

02:47:35        CPU     %user     %nice   %system   %iowait    %steal     %idle
02:47:36        all     89,30      1,74      6,47      0,25      0,00      2,24
02:47:36          0     93,00      0,00      3,00      0,00      0,00      4,00
02:47:36          1     85,29      0,98     12,75      0,00      0,00      0,98
02:47:36          2     83,00      6,00      6,00      1,00      0,00      4,00
02:47:36          3     96,00      0,00      4,00      0,00      0,00      0,00

02:47:36        CPU     %user     %nice   %system   %iowait    %steal     %idle
02:47:37        all     94,44      0,00      4,04      0,00      0,00      1,52
02:47:37          0     91,92      0,00      3,03      0,00      0,00      5,05
02:47:37          1     90,91      0,00      8,08      0,00      0,00      1,01
02:47:37          2     97,98      0,00      2,02      0,00      0,00      0,00
02:47:37          3     96,97      0,00      3,03      0,00      0,00      0,00

02:47:37        CPU     %user     %nice   %system   %iowait    %steal     %idle
02:47:38        all     95,77      0,00      3,98      0,00      0,00      0,25
02:47:38          0     92,16      0,00      6,86      0,00      0,00      0,98
02:47:38          1     96,00      0,00      4,00      0,00      0,00      0,00
02:47:38          2     97,00      0,00      3,00      0,00      0,00      0,00
02:47:38          3     98,00      0,00      2,00      0,00      0,00      0,00

02:47:38        CPU     %user     %nice   %system   %iowait    %steal     %idle
02:47:39        all     96,26      0,00      3,74      0,00      0,00      0,00
02:47:39          0     96,00      0,00      4,00      0,00      0,00      0,00
02:47:39          1     97,00      0,00      3,00      0,00      0,00      0,00
02:47:39          2     95,96      0,00      4,04      0,00      0,00      0,00
02:47:39          3     96,08      0,00      3,92      0,00      0,00      0,00

02:47:39        CPU     %user     %nice   %system   %iowait    %steal     %idle
02:47:40        all     96,01      0,00      3,99      0,00      0,00      0,00
02:47:40          0     96,04      0,00      3,96      0,00      0,00      0,00
02:47:40          1     96,00      0,00      4,00      0,00      0,00      0,00
02:47:40          2     95,05      0,00      4,95      0,00      0,00      0,00
02:47:40          3     96,97      0,00      3,03      0,00      0,00      0,00

02:47:40        CPU     %user     %nice   %system   %iowait    %steal     %idle
02:47:41        all     97,00      0,00      3,00      0,00      0,00      0,00
02:47:41          0     97,98      0,00      2,02      0,00      0,00      0,00
02:47:41          1     96,00      0,00      4,00      0,00      0,00      0,00
02:47:41          2     96,04      0,00      3,96      0,00      0,00      0,00
02:47:41          3     98,00      0,00      2,00      0,00      0,00      0,00

02:47:41        CPU     %user     %nice   %system   %iowait    %steal     %idle
02:47:42        all     96,25      0,00      2,75      0,00      0,00      1,00
02:47:42          0     93,00      0,00      4,00      0,00      0,00      3,00
02:47:42          1     98,00      0,00      2,00      0,00      0,00      0,00
02:47:42          2     98,99      0,00      1,01      0,00      0,00      0,00
02:47:42          3     95,05      0,00      3,96      0,00      0,00      0,99

02:47:42        CPU     %user     %nice   %system   %iowait    %steal     %idle
02:47:43        all     95,00      0,00      3,50      0,00      0,00      1,50
02:47:43          0     97,98      0,00      2,02      0,00      0,00      0,00
02:47:43          1     90,10      0,00      3,96      0,00      0,00      5,94
02:47:43          2     94,00      0,00      6,00      0,00      0,00      0,00
02:47:43          3     98,00      0,00      2,00      0,00      0,00      0,00

02:47:43        CPU     %user     %nice   %system   %iowait    %steal     %idle
02:47:44        all     96,24      0,00      3,76      0,00      0,00      0,00
02:47:44          0     96,00      0,00      4,00      0,00      0,00      0,00
02:47:44          1     94,00      0,00      6,00      0,00      0,00      0,00
02:47:44          2     95,96      0,00      4,04      0,00      0,00      0,00
02:47:44          3     99,00      0,00      1,00      0,00      0,00      0,00

02:47:44        CPU     %user     %nice   %system   %iowait    %steal     %idle
02:47:45        all     94,00      0,00      4,50      0,00      0,00      1,50
02:47:45          0     91,00      0,00      5,00      0,00      0,00      4,00
02:47:45          1     92,93      0,00      5,05      0,00      0,00      2,02
02:47:45          2     94,06      0,00      5,94      0,00      0,00      0,00
02:47:45          3     98,00      0,00      2,00      0,00      0,00      0,00

02:47:45        CPU     %user     %nice   %system   %iowait    %steal     %idle
02:47:46        all     96,73      0,00      2,76      0,00      0,00      0,50
02:47:46          0     96,00      0,00      4,00      0,00      0,00      0,00
02:47:46          1     95,00      0,00      5,00      0,00      0,00      0,00
02:47:46          2     98,99      0,00      1,01      0,00      0,00      0,00
02:47:46          3     96,97      0,00      1,01      0,00      0,00      2,02

02:47:46        CPU     %user     %nice   %system   %iowait    %steal     %idle
02:47:47        all     95,51      0,00      4,24      0,00      0,00      0,25
02:47:47          0     98,00      0,00      2,00      0,00      0,00      0,00
02:47:47          1     97,00      0,00      3,00      0,00      0,00      0,00
02:47:47          2     93,14      0,00      5,88      0,00      0,00      0,98
02:47:47          3     93,94      0,00      6,06      0,00      0,00      0,00

02:47:47        CPU     %user     %nice   %system   %iowait    %steal     %idle
02:47:48        all     96,73      0,00      3,02      0,00      0,00      0,25
02:47:48          0     95,96      0,00      3,03      0,00      0,00      1,01
02:47:48          1     97,98      0,00      2,02      0,00      0,00      0,00
02:47:48          2     98,00      0,00      2,00      0,00      0,00      0,00
02:47:48          3     95,00      0,00      5,00      0,00      0,00      0,00

02:47:48        CPU     %user     %nice   %system   %iowait    %steal     %idle
02:47:49        all     95,76      0,00      3,49      0,00      0,00      0,75
02:47:49          0     97,03      0,00      2,97      0,00      0,00      0,00
02:47:49          1     95,05      0,00      4,95      0,00      0,00      0,00
02:47:49          2     93,94      0,00      3,03      0,00      0,00      3,03
02:47:49          3     97,00      0,00      3,00      0,00      0,00      0,00

02:47:49        CPU     %user     %nice   %system   %iowait    %steal     %idle
02:47:50        all     93,05      0,00      3,23      0,00      0,00      3,72
02:47:50          0     93,94      0,00      4,04      0,00      0,00      2,02
02:47:50          1     98,00      0,00      2,00      0,00      0,00      0,00
02:47:50          2     96,04      0,00      3,96      0,00      0,00      0,00
02:47:50          3     84,47      0,00      2,91      0,00      0,00     12,62

02:47:50        CPU     %user     %nice   %system   %iowait    %steal     %idle
02:47:51        all     95,73      0,00      3,02      0,00      0,00      1,26
02:47:51          0     90,00      0,00      5,00      0,00      0,00      5,00
02:47:51          1     96,97      0,00      3,03      0,00      0,00      0,00
02:47:51          2     97,98      0,00      2,02      0,00      0,00      0,00
02:47:51          3     98,00      0,00      2,00      0,00      0,00      0,00

02:47:51        CPU     %user     %nice   %system   %iowait    %steal     %idle
02:47:52        all     95,52      0,00      3,23      0,00      0,00      1,24
02:47:52          0     95,00      0,00      4,00      0,00      0,00      1,00
02:47:52          1     91,18      0,00      4,90      0,00      0,00      3,92
02:47:52          2     98,00      0,00      2,00      0,00      0,00      0,00
02:47:52          3     98,00      0,00      2,00      0,00      0,00      0,00

02:47:52        CPU     %user     %nice   %system   %iowait    %steal     %idle
02:47:53        all     95,25      0,00      2,50      0,00      0,00      2,25
02:47:53          0     98,00      0,00      2,00      0,00      0,00      0,00
02:47:53          1     89,00      0,00      2,00      0,00      0,00      9,00
02:47:53          2     95,05      0,00      4,95      0,00      0,00      0,00
02:47:53          3     98,99      0,00      1,01      0,00      0,00      0,00

02:47:53        CPU     %user     %nice   %system   %iowait    %steal     %idle
02:47:54        all     97,74      0,00      2,26      0,00      0,00      0,00
02:47:54          0     97,00      0,00      3,00      0,00      0,00      0,00
02:47:54          1     99,00      0,00      1,00      0,00      0,00      0,00
02:47:54          2     97,98      0,00      2,02      0,00      0,00      0,00
02:47:54          3     97,00      0,00      3,00      0,00      0,00      0,00

02:47:54        CPU     %user     %nice   %system   %iowait    %steal     %idle
02:47:55        all     97,24      0,00      2,76      0,00      0,00      0,00
02:47:55          0     97,00      0,00      3,00      0,00      0,00      0,00
02:47:55          1     97,00      0,00      3,00      0,00      0,00      0,00
02:47:55          2     97,98      0,00      2,02      0,00      0,00      0,00
02:47:55          3     97,00      0,00      3,00      0,00      0,00      0,00

02:47:55        CPU     %user     %nice   %system   %iowait    %steal     %idle
02:47:56        all     95,51      0,00      3,24      0,00      0,00      1,25
02:47:56          0     97,00      0,00      3,00      0,00      0,00      0,00
02:47:56          1     96,97      0,00      3,03      0,00      0,00      0,00
02:47:56          2     91,09      0,00      3,96      0,00      0,00      4,95
02:47:56          3     97,03      0,00      2,97      0,00      0,00      0,00

02:47:56        CPU     %user     %nice   %system   %iowait    %steal     %idle
02:47:57        all     94,01      0,00      3,74      0,00      0,00      2,24
02:47:57          0     89,11      0,00      3,96      0,00      0,00      6,93
02:47:57          1     93,07      0,00      4,95      0,00      0,00      1,98
02:47:57          2     96,00      0,00      4,00      0,00      0,00      0,00
02:47:57          3     97,98      0,00      2,02      0,00      0,00      0,00

02:47:57        CPU     %user     %nice   %system   %iowait    %steal     %idle
02:47:58        all     94,51      0,00      4,74      0,00      0,00      0,75
02:47:58          0     96,97      0,00      3,03      0,00      0,00      0,00
02:47:58          1     95,00      0,00      5,00      0,00      0,00      0,00
02:47:58          2     93,14      0,00      5,88      0,00      0,00      0,98
02:47:58          3     93,00      0,00      5,00      0,00      0,00      2,00

02:47:58        CPU     %user     %nice   %system   %iowait    %steal     %idle
02:47:59        all     93,97      0,00      3,77      0,00      0,00      2,26
02:47:59          0     96,00      0,00      4,00      0,00      0,00      0,00
02:47:59          1     93,00      0,00      7,00      0,00      0,00      0,00
02:47:59          2     93,94      0,00      2,02      0,00      0,00      4,04
02:47:59          3     92,93      0,00      2,02      0,00      0,00      5,05

02:47:59        CPU     %user     %nice   %system   %iowait    %steal     %idle
02:48:00        all     94,76      0,00      2,49      0,00      0,00      2,74
02:48:00          0     97,00      0,00      1,00      0,00      0,00      2,00
02:48:00          1     96,97      0,00      3,03      0,00      0,00      0,00
02:48:00          2     98,99      0,00      1,01      0,00      0,00      0,00
02:48:00          3     86,41      0,00      4,85      0,00      0,00      8,74

02:48:00        CPU     %user     %nice   %system   %iowait    %steal     %idle
02:48:01        all     94,04      0,25      4,96      0,00      0,00      0,74
02:48:01          0     95,05      0,00      4,95      0,00      0,00      0,00
02:48:01          1     92,08      0,99      3,96      0,00      0,00      2,97
02:48:01          2     95,05      0,00      4,95      0,00      0,00      0,00
02:48:01          3     94,00      0,00      6,00      0,00      0,00      0,00


Średnia:       CPU     %user     %nice   %system   %iowait    %steal     %idle
Średnia:       all     63,04      0,10      3,18      0,04      0,00     33,64
Średnia:         0     62,24      0,12      2,70      0,00      0,00     34,95
Średnia:         1     60,58      0,12      4,03      0,05      0,00     35,23
Średnia:         2     62,45      0,16      2,70      0,05      0,00     34,64
Średnia:         3     66,89      0,02      3,28      0,07      0,00     29,73
