Linux 5.8.6-1-MANJARO (bblaszkow-pc-manjaro) 	22.09.2020 	_x86_64_	(4 CPU)

10:16:35        CPU     %user     %nice   %system   %iowait    %steal     %idle
10:16:40        all     15,79      0,30      2,80      0,45      0,00     80,66
10:16:40          0      6,97      0,20      1,79      0,00      0,00     91,04
10:16:40          1     25,85      0,40      3,61      0,80      0,00     69,34
10:16:40          2      6,81      0,40      1,80      0,00      0,00     90,98
10:16:40          3     23,55      0,20      3,99      1,00      0,00     71,26

10:16:40        CPU     %user     %nice   %system   %iowait    %steal     %idle
10:16:45        all      0,15      0,00      0,20      0,05      0,00     99,60
10:16:45          0      0,20      0,00      0,40      0,00      0,00     99,40
10:16:45          1      0,00      0,00      0,20      0,20      0,00     99,60
10:16:45          2      0,00      0,00      0,00      0,00      0,00    100,00
10:16:45          3      0,40      0,00      0,20      0,00      0,00     99,40

10:16:45        CPU     %user     %nice   %system   %iowait    %steal     %idle
10:16:50        all      0,15      0,00      0,25      0,00      0,00     99,60
10:16:50          0      0,20      0,00      0,00      0,00      0,00     99,80
10:16:50          1      0,00      0,00      0,60      0,00      0,00     99,40
10:16:50          2      0,40      0,00      0,40      0,00      0,00     99,20
10:16:50          3      0,00      0,00      0,00      0,00      0,00    100,00

10:16:50        CPU     %user     %nice   %system   %iowait    %steal     %idle
10:16:55        all     52,84      0,05      5,38      0,15      0,00     41,58
10:16:55          0     50,20      0,00      5,93      0,00      0,00     43,87
10:16:55          1     54,44      0,00      4,93      0,39      0,00     40,24
10:16:55          2     56,30      0,20      3,54      0,00      0,00     39,96
10:16:55          3     50,40      0,00      7,14      0,20      0,00     42,26

10:16:55        CPU     %user     %nice   %system   %iowait    %steal     %idle
10:17:00        all     41,80      0,05      1,85      0,00      0,00     56,31
10:17:00          0     40,32      0,00      2,00      0,00      0,00     57,68
10:17:00          1     41,95      0,00      2,98      0,00      0,00     55,07
10:17:00          2     43,82      0,00      1,00      0,00      0,00     55,18
10:17:00          3     41,08      0,20      1,40      0,00      0,00     57,31

10:17:00        CPU     %user     %nice   %system   %iowait    %steal     %idle
10:17:05        all     44,82      0,00      1,94      0,00      0,00     53,24
10:17:05          0     46,80      0,00      1,40      0,00      0,00     51,80
10:17:05          1     44,49      0,00      2,40      0,00      0,00     53,11
10:17:05          2     45,65      0,00      1,38      0,00      0,00     52,96
10:17:05          3     42,35      0,00      2,58      0,00      0,00     55,07

10:17:05        CPU     %user     %nice   %system   %iowait    %steal     %idle
10:17:10        all     44,24      0,00      1,70      0,00      0,00     54,06
10:17:10          0     45,29      0,00      1,20      0,00      0,00     53,51
10:17:10          1     43,78      0,00      2,81      0,00      0,00     53,41
10:17:10          2     44,14      0,00      1,19      0,00      0,00     54,67
10:17:10          3     43,75      0,00      1,61      0,00      0,00     54,64

10:17:10        CPU     %user     %nice   %system   %iowait    %steal     %idle
10:17:15        all     40,99      0,00      1,51      0,00      0,00     57,50
10:17:15          0     42,08      0,00      1,40      0,00      0,00     56,51
10:17:15          1     41,14      0,00      2,24      0,00      0,00     56,62
10:17:15          2     39,60      0,00      1,41      0,00      0,00     58,99
10:17:15          3     41,13      0,00      1,01      0,00      0,00     57,86

10:17:15        CPU     %user     %nice   %system   %iowait    %steal     %idle
10:17:20        all     31,57      0,20      1,55      0,05      0,00     66,63
10:17:20          0     33,33      0,20      1,39      0,20      0,00     64,88
10:17:20          1     30,99      0,20      1,61      0,00      0,00     67,20
10:17:20          2     30,24      0,00      1,81      0,00      0,00     67,94
10:17:20          3     31,67      0,40      1,39      0,00      0,00     66,53

10:17:20        CPU     %user     %nice   %system   %iowait    %steal     %idle
10:17:25        all      0,40      0,00      0,30      0,05      0,00     99,25
10:17:25          0      0,40      0,00      0,40      0,00      0,00     99,20
10:17:25          1      0,80      0,00      0,40      0,20      0,00     98,60
10:17:25          2      0,20      0,00      0,20      0,00      0,00     99,60
10:17:25          3      0,20      0,00      0,20      0,00      0,00     99,60


Średnia:       CPU     %user     %nice   %system   %iowait    %steal     %idle
Średnia:       all     27,30      0,06      1,75      0,07      0,00     70,81
Średnia:         0     26,61      0,04      1,60      0,02      0,00     71,74
Średnia:         1     28,36      0,06      2,18      0,16      0,00     69,24
Średnia:         2     26,79      0,06      1,28      0,00      0,00     71,87
Średnia:         3     27,46      0,08      1,96      0,12      0,00     70,38
