Linux 5.8.6-1-MANJARO (bblaszkow-pc-manjaro) 	22.09.2020 	_x86_64_	(4 CPU)

10:24:10        CPU     %user     %nice   %system   %iowait    %steal     %idle
10:24:15        all     16,00      0,50      2,71      0,05      0,00     80,74
10:24:15          0      6,22      0,60      2,01      0,00      0,00     91,16
10:24:15          1     24,80      0,60      4,20      0,00      0,00     70,40
10:24:15          2      4,81      0,60      1,60      0,20      0,00     92,79
10:24:15          3     28,17      0,20      3,02      0,00      0,00     68,61

10:24:15        CPU     %user     %nice   %system   %iowait    %steal     %idle
10:24:20        all     30,89      0,25      4,36      0,15      0,00     64,34
10:24:20          0     54,20      1,00      5,40      0,60      0,00     38,80
10:24:20          1     51,31      0,00      5,84      0,00      0,00     42,86
10:24:20          2      7,65      0,00      3,22      0,00      0,00     89,13
10:24:20          3     10,40      0,00      3,00      0,00      0,00     86,60

10:24:20        CPU     %user     %nice   %system   %iowait    %steal     %idle
10:24:25        all      0,70      0,85      0,70      0,20      0,00     97,55
10:24:25          0      1,00      0,80      0,60      0,60      0,00     97,01
10:24:25          1      0,20      1,60      1,20      0,20      0,00     96,81
10:24:25          2      0,80      0,40      0,40      0,00      0,00     98,40
10:24:25          3      0,80      0,60      0,60      0,00      0,00     98,00

10:24:25        CPU     %user     %nice   %system   %iowait    %steal     %idle
10:24:30        all     35,01      0,00      4,22      0,10      0,00     60,67
10:24:30          0     32,99      0,00      4,92      0,41      0,00     61,68
10:24:30          1     35,19      0,00      4,32      0,00      0,00     60,49
10:24:30          2     35,80      0,00      3,70      0,00      0,00     60,49
10:24:30          3     36,08      0,00      3,92      0,00      0,00     60,00

10:24:30        CPU     %user     %nice   %system   %iowait    %steal     %idle
10:24:35        all     28,13      0,05      2,25      0,00      0,00     69,58
10:24:35          0     27,70      0,00      2,24      0,00      0,00     70,06
10:24:35          1     28,37      0,00      3,06      0,00      0,00     68,57
10:24:35          2     28,16      0,20      2,04      0,00      0,00     69,59
10:24:35          3     28,28      0,00      1,64      0,00      0,00     70,08

10:24:35        CPU     %user     %nice   %system   %iowait    %steal     %idle
10:24:40        all     28,95      0,00      2,52      0,00      0,00     68,53
10:24:40          0     28,63      0,00      2,25      0,00      0,00     69,12
10:24:40          1     29,55      0,00      2,89      0,00      0,00     67,56
10:24:40          2     29,21      0,00      2,03      0,00      0,00     68,76
10:24:40          3     28,39      0,00      2,92      0,00      0,00     68,68

10:24:40        CPU     %user     %nice   %system   %iowait    %steal     %idle
10:24:45        all     29,56      0,00      1,90      0,00      0,00     68,55
10:24:45          0     29,28      0,00      1,44      0,00      0,00     69,28
10:24:45          1     29,51      0,00      2,87      0,00      0,00     67,62
10:24:45          2     29,67      0,00      1,83      0,00      0,00     68,50
10:24:45          3     29,77      0,00      1,44      0,00      0,00     68,79

10:24:45        CPU     %user     %nice   %system   %iowait    %steal     %idle
10:24:50        all     28,27      0,00      2,39      0,05      0,00     69,29
10:24:50          0     27,81      0,00      2,25      0,00      0,00     69,94
10:24:50          1     27,79      0,00      3,25      0,20      0,00     68,76
10:24:50          2     28,83      0,00      1,64      0,00      0,00     69,53
10:24:50          3     28,63      0,00      2,42      0,00      0,00     68,95

10:24:50        CPU     %user     %nice   %system   %iowait    %steal     %idle
10:24:55        all     22,75      0,00      1,87      0,00      0,00     75,38
10:24:55          0     23,48      0,00      1,21      0,00      0,00     75,30
10:24:55          1     22,15      0,00      3,05      0,00      0,00     74,80
10:24:55          2     22,49      0,00      1,81      0,00      0,00     75,70
10:24:55          3     22,87      0,00      1,42      0,00      0,00     75,71


Średnia:       CPU     %user     %nice   %system   %iowait    %steal     %idle
Średnia:       all     24,39      0,19      2,54      0,06      0,00     72,82
Średnia:         0     25,66      0,27      2,48      0,18      0,00     71,41
Średnia:         1     27,60      0,25      3,41      0,05      0,00     68,70
Średnia:         2     20,72      0,13      2,02      0,02      0,00     77,10
Średnia:         3     23,61      0,09      2,26      0,00      0,00     74,05
