Linux 5.8.6-1-MANJARO (bblaszkow-pc-manjaro) 	22.09.2020 	_x86_64_	(4 CPU)

10:21:18        CPU     %user     %nice   %system   %iowait    %steal     %idle
10:21:23        all     16,28      0,25      2,95      0,05      0,00     80,48
10:21:23          0      7,82      0,20      1,60      0,00      0,00     90,38
10:21:23          1     45,62      0,00      5,98      0,00      0,00     48,41
10:21:23          2      7,16      0,40      1,99      0,20      0,00     90,26
10:21:23          3      4,41      0,40      2,20      0,00      0,00     92,99

10:21:23        CPU     %user     %nice   %system   %iowait    %steal     %idle
10:21:28        all      0,25      0,00      0,15      0,25      0,00     99,35
10:21:28          0      0,20      0,00      0,00      0,00      0,00     99,80
10:21:28          1      0,20      0,00      0,40      0,00      0,00     99,40
10:21:28          2      0,20      0,00      0,00      0,00      0,00     99,80
10:21:28          3      0,40      0,00      0,20      1,00      0,00     98,40

10:21:28        CPU     %user     %nice   %system   %iowait    %steal     %idle
10:21:33        all      0,90      0,00      0,35      0,10      0,00     98,65
10:21:33          0      1,00      0,00      0,40      0,00      0,00     98,60
10:21:33          1      1,00      0,00      0,40      0,20      0,00     98,40
10:21:33          2      0,60      0,00      0,40      0,00      0,00     99,00
10:21:33          3      1,00      0,00      0,20      0,20      0,00     98,59

10:21:33        CPU     %user     %nice   %system   %iowait    %steal     %idle
10:21:38        all     87,68      0,05      6,86      0,00      0,00      5,41
10:21:38          0     89,18      0,00      5,21      0,00      0,00      5,61
10:21:38          1     84,60      0,20      8,00      0,00      0,00      7,20
10:21:38          2     83,77      0,00      9,62      0,00      0,00      6,61
10:21:38          3     93,19      0,00      4,61      0,00      0,00      2,20

10:21:38        CPU     %user     %nice   %system   %iowait    %steal     %idle
10:21:43        all     95,75      0,10      3,65      0,00      0,00      0,50
10:21:43          0     93,61      0,20      5,19      0,00      0,00      1,00
10:21:43          1     95,59      0,00      3,81      0,00      0,00      0,60
10:21:43          2     96,41      0,00      3,59      0,00      0,00      0,00
10:21:43          3     97,40      0,20      2,00      0,00      0,00      0,40

10:21:43        CPU     %user     %nice   %system   %iowait    %steal     %idle
10:21:48        all     95,99      0,00      3,51      0,00      0,00      0,50
10:21:48          0     97,60      0,00      2,40      0,00      0,00      0,00
10:21:48          1     94,38      0,00      5,02      0,00      0,00      0,60
10:21:48          2     95,99      0,00      3,61      0,00      0,00      0,40
10:21:48          3     95,99      0,00      3,01      0,00      0,00      1,00

10:21:48        CPU     %user     %nice   %system   %iowait    %steal     %idle
10:21:53        all     94,09      0,55      4,25      0,00      0,00      1,10
10:21:53          0     93,19      0,20      5,61      0,00      0,00      1,00
10:21:53          1     95,00      0,20      3,80      0,00      0,00      1,00
10:21:53          2     94,39      0,20      3,61      0,00      0,00      1,80
10:21:53          3     93,80      1,60      4,00      0,00      0,00      0,60

10:21:53        CPU     %user     %nice   %system   %iowait    %steal     %idle
10:21:58        all     95,35      0,10      4,20      0,00      0,00      0,35
10:21:58          0     94,19      0,00      5,41      0,00      0,00      0,40
10:21:58          1     95,20      0,00      4,40      0,00      0,00      0,40
10:21:58          2     95,60      0,00      4,20      0,00      0,00      0,20
10:21:58          3     96,39      0,40      2,81      0,00      0,00      0,40

10:21:58        CPU     %user     %nice   %system   %iowait    %steal     %idle
10:22:03        all     81,40      0,05      3,02      0,00      0,00     15,52
10:22:03          0     82,79      0,00      2,83      0,00      0,00     14,37
10:22:03          1     78,36      0,20      4,01      0,00      0,00     17,43
10:22:03          2     83,03      0,00      2,63      0,00      0,00     14,34
10:22:03          3     81,45      0,00      2,62      0,00      0,00     15,93

10:22:03        CPU     %user     %nice   %system   %iowait    %steal     %idle
10:22:08        all      1,25      0,00      0,60      0,00      0,00     98,15
10:22:08          0      0,60      0,00      0,40      0,00      0,00     99,00
10:22:08          1      1,59      0,00      1,00      0,00      0,00     97,41
10:22:08          2      1,40      0,00      0,60      0,00      0,00     98,00
10:22:08          3      1,40      0,00      0,40      0,00      0,00     98,20



Średnia:       CPU     %user     %nice   %system   %iowait    %steal     %idle
Średnia:       all     56,86      0,11      2,95      0,04      0,00     40,04
Średnia:         0     55,99      0,06      2,91      0,00      0,00     41,04
Średnia:         1     59,09      0,06      3,68      0,02      0,00     37,15
Średnia:         2     55,78      0,06      3,02      0,02      0,00     41,11
Średnia:         3     56,56      0,26      2,21      0,12      0,00     40,86
