Linux 5.8.6-1-MANJARO (bblaszkow-pc-manjaro) 	22.09.2020 	_x86_64_	(4 CPU)

10:18:58        CPU     %user     %nice   %system   %iowait    %steal     %idle
10:19:03        all     21,67      0,25      7,14      0,00      0,00     70,94
10:19:03          0     13,35      0,40      5,98      0,00      0,00     80,28
10:19:03          1     27,13      0,40      6,07      0,00      0,00     66,40
10:19:03          2     10,89      0,00      8,12      0,00      0,00     80,99
10:19:03          3     35,46      0,20      8,37      0,00      0,00     55,98

10:19:03        CPU     %user     %nice   %system   %iowait    %steal     %idle
10:19:08        all     11,22      0,00      9,02      0,40      0,00     79,36
10:19:08          0     13,52      0,00     10,14      0,00      0,00     76,34
10:19:08          1      8,28      0,00      9,29      1,41      0,00     81,01
10:19:08          2     11,98      0,00      8,98      0,00      0,00     79,04
10:19:08          3     11,07      0,00      7,65      0,20      0,00     81,09

10:19:08        CPU     %user     %nice   %system   %iowait    %steal     %idle
10:19:13        all      3,99      0,00      3,33      0,00      0,00     92,68
10:19:13          0      3,42      0,00      2,82      0,00      0,00     93,76
10:19:13          1      3,81      0,00      4,21      0,00      0,00     91,98
10:19:13          2      3,67      0,00      3,05      0,00      0,00     93,28
10:19:13          3      5,06      0,00      3,24      0,00      0,00     91,70

10:19:13        CPU     %user     %nice   %system   %iowait    %steal     %idle
10:19:18        all     79,33      0,00      6,26      0,00      0,00     14,41
10:19:18          0     80,12      0,00      4,62      0,00      0,00     15,26
10:19:18          1     77,71      0,00      9,44      0,00      0,00     12,85
10:19:18          2     78,20      0,00      6,40      0,00      0,00     15,40
10:19:18          3     81,27      0,00      4,58      0,00      0,00     14,14

10:19:18        CPU     %user     %nice   %system   %iowait    %steal     %idle
10:19:23        all     66,58      0,05      5,21      0,00      0,00     28,16
10:19:23          0     66,93      0,00      4,81      0,00      0,00     28,26
10:19:23          1     66,47      0,20      5,72      0,00      0,00     27,61
10:19:23          2     66,01      0,00      4,91      0,00      0,00     29,08
10:19:23          3     66,93      0,00      5,38      0,00      0,00     27,69

10:19:23        CPU     %user     %nice   %system   %iowait    %steal     %idle
10:19:28        all     71,88      0,00      4,59      0,00      0,00     23,53
10:19:28          0     69,40      0,00      5,20      0,00      0,00     25,40
10:19:28          1     71,40      0,00      5,00      0,00      0,00     23,60
10:19:28          2     73,32      0,00      3,95      0,00      0,00     22,73
10:19:28          3     73,40      0,00      4,20      0,00      0,00     22,40

10:19:28        CPU     %user     %nice   %system   %iowait    %steal     %idle
10:19:33        all     70,38      0,10      4,82      0,00      0,00     24,70
10:19:33          0     71,60      0,20      4,34      0,00      0,00     23,87
10:19:33          1     70,92      0,00      5,58      0,00      0,00     23,51
10:19:33          2     71,26      0,20      3,99      0,00      0,00     24,55
10:19:33          3     67,73      0,00      5,38      0,00      0,00     26,89

10:19:33        CPU     %user     %nice   %system   %iowait    %steal     %idle
10:19:38        all     66,92      0,55      4,58      0,05      0,00     27,90
10:19:38          0     65,48      0,60      4,37      0,20      0,00     29,37
10:19:38          1     66,73      0,59      5,54      0,00      0,00     27,13
10:19:38          2     66,26      0,20      4,04      0,00      0,00     29,49
10:19:38          3     69,18      0,80      4,37      0,00      0,00     25,65

10:19:38        CPU     %user     %nice   %system   %iowait    %steal     %idle
10:19:43        all     52,74      0,05      4,28      0,00      0,00     42,93
10:19:43          0     53,11      0,00      3,61      0,00      0,00     43,29
10:19:43          1     51,90      0,00      5,59      0,00      0,00     42,51
10:19:43          2     53,27      0,20      4,16      0,00      0,00     42,38
10:19:43          3     52,68      0,00      3,78      0,00      0,00     43,54

10:19:43        CPU     %user     %nice   %system   %iowait    %steal     %idle
10:19:48        all      8,05      0,00      3,85      0,40      0,00     87,69
10:19:48          0      8,00      0,00      3,40      0,00      0,00     88,60
10:19:48          1      6,64      0,00      4,02      0,40      0,00     88,93
10:19:48          2      6,59      0,00      4,19      0,40      0,00     88,82
10:19:48          3     10,98      0,00      3,79      0,80      0,00     84,43



Średnia:       CPU     %user     %nice   %system   %iowait    %steal     %idle
Średnia:       all     45,37      0,10      5,31      0,08      0,00     49,14
Średnia:         0     44,52      0,12      4,93      0,02      0,00     50,41
Średnia:         1     45,24      0,12      6,04      0,18      0,00     48,42
Średnia:         2     44,24      0,06      5,19      0,04      0,00     50,48
Średnia:         3     47,48      0,10      5,07      0,10      0,00     47,24
