Linux 5.8.6-1-MANJARO (bblaszkow-pc-manjaro) 	28.09.2020 	_x86_64_	(4 CPU)

02:45:51        CPU     %user     %nice   %system   %iowait    %steal     %idle
02:45:52        all     38,83      1,52     13,71      0,51      0,00     45,43
02:45:52          0     41,58      1,98     10,89      1,98      0,00     43,56
02:45:52          1     27,66      0,00     13,83      0,00      0,00     58,51
02:45:52          2     27,00      1,00     17,00      0,00      0,00     55,00
02:45:52          3     58,59      3,03     13,13      0,00      0,00     25,25

02:45:52        CPU     %user     %nice   %system   %iowait    %steal     %idle
02:45:53        all     25,00      0,00      1,75      0,00      0,00     73,25
02:45:53          0      2,00      0,00      0,00      0,00      0,00     98,00
02:45:53          1      2,00      0,00      0,00      0,00      0,00     98,00
02:45:53          2      2,97      0,00      0,99      0,00      0,00     96,04
02:45:53          3     93,94      0,00      6,06      0,00      0,00      0,00

02:45:53        CPU     %user     %nice   %system   %iowait    %steal     %idle
02:45:54        all     24,06      0,00      1,50      0,00      0,00     74,44
02:45:54          0      0,00      0,00      0,00      0,00      0,00    100,00
02:45:54          1      3,00      0,00      2,00      0,00      0,00     95,00
02:45:54          2      1,00      0,00      0,00      0,00      0,00     99,00
02:45:54          3     92,00      0,00      4,00      0,00      0,00      4,00

02:45:54        CPU     %user     %nice   %system   %iowait    %steal     %idle
02:45:55        all      4,96      0,00      1,49      0,00      0,00     93,55
02:45:55          0      2,97      0,00      0,99      0,00      0,00     96,04
02:45:55          1     12,75      0,00      2,94      0,00      0,00     84,31
02:45:55          2      2,00      0,00      1,00      0,00      0,00     97,00
02:45:55          3      2,00      0,00      1,00      0,00      0,00     97,00

02:45:55        CPU     %user     %nice   %system   %iowait    %steal     %idle
02:45:56        all      0,75      0,00      0,00      0,00      0,00     99,25
02:45:56          0      1,00      0,00      0,00      0,00      0,00     99,00
02:45:56          1      1,00      0,00      0,00      0,00      0,00     99,00
02:45:56          2      0,00      0,00      0,00      0,00      0,00    100,00
02:45:56          3      0,99      0,00      0,00      0,00      0,00     99,01

02:45:56        CPU     %user     %nice   %system   %iowait    %steal     %idle
02:45:57        all      0,50      0,00      0,50      0,00      0,00     99,00
02:45:57          0      0,00      0,00      0,00      0,00      0,00    100,00
02:45:57          1      0,99      0,00      0,99      0,00      0,00     98,02
02:45:57          2      0,99      0,00      0,00      0,00      0,00     99,01
02:45:57          3      0,00      0,00      1,00      0,00      0,00     99,00

02:45:57        CPU     %user     %nice   %system   %iowait    %steal     %idle
02:45:58        all      0,25      0,00      0,50      1,00      0,00     98,26
02:45:58          0      0,98      0,00      1,96      0,00      0,00     97,06
02:45:58          1      0,00      0,00      0,00      4,00      0,00     96,00
02:45:58          2      0,00      0,00      0,00      0,00      0,00    100,00
02:45:58          3      0,00      0,00      0,00      0,00      0,00    100,00

02:45:58        CPU     %user     %nice   %system   %iowait    %steal     %idle
02:45:59        all      1,53      0,00      0,76      0,00      0,00     97,71
02:45:59          0      1,02      0,00      0,00      0,00      0,00     98,98
02:45:59          1      3,03      0,00      2,02      0,00      0,00     94,95
02:45:59          2      1,02      0,00      0,00      0,00      0,00     98,98
02:45:59          3      1,02      0,00      1,02      0,00      0,00     97,96

02:45:59        CPU     %user     %nice   %system   %iowait    %steal     %idle
02:46:00        all      1,25      0,00      0,75      0,00      0,00     97,99
02:46:00          0      2,02      0,00      0,00      0,00      0,00     97,98
02:46:00          1      1,00      0,00      1,00      0,00      0,00     98,00
02:46:00          2      0,99      0,00      1,98      0,00      0,00     97,03
02:46:00          3      1,01      0,00      0,00      0,00      0,00     98,99

02:46:00        CPU     %user     %nice   %system   %iowait    %steal     %idle
02:46:01        all      1,25      0,00      1,75      0,00      0,00     96,99
02:46:01          0      1,00      0,00      1,00      0,00      0,00     98,00
02:46:01          1      1,01      0,00      1,01      0,00      0,00     97,98
02:46:01          2      3,00      0,00      3,00      0,00      0,00     94,00
02:46:01          3      0,00      0,00      2,00      0,00      0,00     98,00

02:46:01        CPU     %user     %nice   %system   %iowait    %steal     %idle
02:46:02        all      4,23      0,00      2,24      0,00      0,00     93,53
02:46:02          0      4,95      0,00      0,99      0,00      0,00     94,06
02:46:02          1      3,96      0,00      5,94      0,00      0,00     90,10
02:46:02          2      3,96      0,00      0,99      0,00      0,00     95,05
02:46:02          3      4,04      0,00      1,01      0,00      0,00     94,95

02:46:02        CPU     %user     %nice   %system   %iowait    %steal     %idle
02:46:03        all      4,30      0,00      3,54      0,00      0,00     92,15
02:46:03          0      2,02      0,00      2,02      0,00      0,00     95,96
02:46:03          1      4,08      0,00      4,08      0,00      0,00     91,84
02:46:03          2      5,10      0,00      4,08      0,00      0,00     90,82
02:46:03          3      6,00      0,00      4,00      0,00      0,00     90,00

02:46:03        CPU     %user     %nice   %system   %iowait    %steal     %idle
02:46:04        all      1,25      0,00      0,25      0,00      0,00     98,50
02:46:04          0      2,02      0,00      0,00      0,00      0,00     97,98
02:46:04          1      1,00      0,00      1,00      0,00      0,00     98,00
02:46:04          2      1,98      0,00      0,00      0,00      0,00     98,02
02:46:04          3      0,00      0,00      0,00      0,00      0,00    100,00

02:46:04        CPU     %user     %nice   %system   %iowait    %steal     %idle
02:46:05        all      0,50      0,00      0,00      0,00      0,00     99,50
02:46:05          0      0,99      0,00      0,00      0,00      0,00     99,01
02:46:05          1      0,99      0,00      0,00      0,00      0,00     99,01
02:46:05          2      0,00      0,00      0,00      0,00      0,00    100,00
02:46:05          3      0,00      0,00      0,00      0,00      0,00    100,00

02:46:05        CPU     %user     %nice   %system   %iowait    %steal     %idle
02:46:06        all      0,25      0,00      0,00      0,00      0,00     99,75
02:46:06          0      0,00      0,00      0,00      0,00      0,00    100,00
02:46:06          1      0,00      0,00      0,00      0,00      0,00    100,00
02:46:06          2      1,00      0,00      0,00      0,00      0,00     99,00
02:46:06          3      0,00      0,00      0,00      0,00      0,00    100,00

02:46:06        CPU     %user     %nice   %system   %iowait    %steal     %idle
02:46:07        all     56,05      0,74     12,10      0,00      0,00     31,11
02:46:07          0     71,57      0,00     10,78      0,00      0,00     17,65
02:46:07          1     42,42      0,00     20,20      0,00      0,00     37,37
02:46:07          2     57,28      0,97      8,74      0,00      0,00     33,01
02:46:07          3     52,48      1,98      8,91      0,00      0,00     36,63

02:46:07        CPU     %user     %nice   %system   %iowait    %steal     %idle
02:46:08        all     90,45      1,26      5,78      0,00      0,00      2,51
02:46:08          0     91,00      3,00      4,00      0,00      0,00      2,00
02:46:08          1     86,73      2,04      8,16      0,00      0,00      3,06
02:46:08          2     94,06      0,00      5,94      0,00      0,00      0,00
02:46:08          3     89,90      0,00      5,05      0,00      0,00      5,05

02:46:08        CPU     %user     %nice   %system   %iowait    %steal     %idle
02:46:09        all     90,35      0,99      6,68      0,00      0,00      1,98
02:46:09          0     92,16      0,00      5,88      0,00      0,00      1,96
02:46:09          1     90,20      3,92      4,90      0,00      0,00      0,98
02:46:09          2     93,00      0,00      7,00      0,00      0,00      0,00
02:46:09          3     86,00      0,00      9,00      0,00      0,00      5,00

02:46:09        CPU     %user     %nice   %system   %iowait    %steal     %idle
02:46:10        all     92,46      0,00      2,51      0,00      0,00      5,03
02:46:10          0     97,98      0,00      1,01      0,00      0,00      1,01
02:46:10          1     97,00      0,00      3,00      0,00      0,00      0,00
02:46:10          2     98,00      0,00      2,00      0,00      0,00      0,00
02:46:10          3     76,77      0,00      4,04      0,00      0,00     19,19

02:46:10        CPU     %user     %nice   %system   %iowait    %steal     %idle
02:46:11        all     94,95      0,25      3,28      0,00      0,00      1,52
02:46:11          0     96,00      1,00      3,00      0,00      0,00      0,00
02:46:11          1     93,94      0,00      6,06      0,00      0,00      0,00
02:46:11          2     97,98      0,00      2,02      0,00      0,00      0,00
02:46:11          3     91,84      0,00      2,04      0,00      0,00      6,12

02:46:11        CPU     %user     %nice   %system   %iowait    %steal     %idle
02:46:12        all     93,45      0,00      3,53      0,00      0,00      3,02
02:46:12          0     97,00      0,00      3,00      0,00      0,00      0,00
02:46:12          1     95,96      0,00      4,04      0,00      0,00      0,00
02:46:12          2     98,00      0,00      2,00      0,00      0,00      0,00
02:46:12          3     82,65      0,00      5,10      0,00      0,00     12,24

02:46:12        CPU     %user     %nice   %system   %iowait    %steal     %idle
02:46:13        all     95,51      0,00      3,49      0,00      0,00      1,00
02:46:13          0     98,00      0,00      2,00      0,00      0,00      0,00
02:46:13          1     94,95      0,00      3,03      0,00      0,00      2,02
02:46:13          2     97,03      0,00      2,97      0,00      0,00      0,00
02:46:13          3     92,08      0,00      5,94      0,00      0,00      1,98

02:46:13        CPU     %user     %nice   %system   %iowait    %steal     %idle
02:46:14        all     94,79      0,00      4,71      0,00      0,00      0,50
02:46:14          0     98,00      0,00      2,00      0,00      0,00      0,00
02:46:14          1     94,17      0,00      4,85      0,00      0,00      0,97
02:46:14          2     94,00      0,00      5,00      0,00      0,00      1,00
02:46:14          3     93,00      0,00      7,00      0,00      0,00      0,00

02:46:14        CPU     %user     %nice   %system   %iowait    %steal     %idle
02:46:15        all     94,49      0,00      3,51      0,00      0,00      2,01
02:46:15          0     86,00      0,00      6,00      0,00      0,00      8,00
02:46:15          1     95,96      0,00      4,04      0,00      0,00      0,00
02:46:15          2     97,03      0,00      2,97      0,00      0,00      0,00
02:46:15          3     98,99      0,00      1,01      0,00      0,00      0,00

02:46:15        CPU     %user     %nice   %system   %iowait    %steal     %idle
02:46:16        all     95,48      0,00      3,27      0,00      0,00      1,26
02:46:16          0     95,96      0,00      2,02      0,00      0,00      2,02
02:46:16          1     93,00      0,00      7,00      0,00      0,00      0,00
02:46:16          2     94,95      0,00      3,03      0,00      0,00      2,02
02:46:16          3     98,00      0,00      1,00      0,00      0,00      1,00

02:46:16        CPU     %user     %nice   %system   %iowait    %steal     %idle
02:46:17        all     94,25      0,00      4,25      0,00      0,00      1,50
02:46:17          0     92,00      0,00      5,00      0,00      0,00      3,00
02:46:17          1     90,00      0,00      8,00      0,00      0,00      2,00
02:46:17          2     98,99      0,00      1,01      0,00      0,00      0,00
02:46:17          3     96,04      0,00      2,97      0,00      0,00      0,99

02:46:17        CPU     %user     %nice   %system   %iowait    %steal     %idle
02:46:18        all     95,24      0,00      3,26      0,00      0,00      1,50
02:46:18          0     98,02      0,00      1,98      0,00      0,00      0,00
02:46:18          1     89,80      0,00      4,08      0,00      0,00      6,12
02:46:18          2     95,00      0,00      5,00      0,00      0,00      0,00
02:46:18          3     98,00      0,00      2,00      0,00      0,00      0,00

02:46:18        CPU     %user     %nice   %system   %iowait    %steal     %idle
02:46:19        all     95,49      0,00      4,26      0,00      0,00      0,25
02:46:19          0     96,97      0,00      3,03      0,00      0,00      0,00
02:46:19          1     95,00      0,00      5,00      0,00      0,00      0,00
02:46:19          2     94,00      0,00      6,00      0,00      0,00      0,00
02:46:19          3     96,00      0,00      3,00      0,00      0,00      1,00

02:46:19        CPU     %user     %nice   %system   %iowait    %steal     %idle
02:46:20        all     95,51      0,00      3,99      0,00      0,00      0,50
02:46:20          0     92,08      0,00      6,93      0,00      0,00      0,99
02:46:20          1     95,05      0,00      3,96      0,00      0,00      0,99
02:46:20          2     98,00      0,00      2,00      0,00      0,00      0,00
02:46:20          3     96,97      0,00      3,03      0,00      0,00      0,00

02:46:20        CPU     %user     %nice   %system   %iowait    %steal     %idle
02:46:21        all     94,72      0,00      4,77      0,00      0,00      0,50
02:46:21          0     94,95      0,00      5,05      0,00      0,00      0,00
02:46:21          1     94,95      0,00      3,03      0,00      0,00      2,02
02:46:21          2     98,00      0,00      2,00      0,00      0,00      0,00
02:46:21          3     91,00      0,00      9,00      0,00      0,00      0,00

02:46:21        CPU     %user     %nice   %system   %iowait    %steal     %idle
02:46:22        all     94,00      0,00      4,25      0,00      0,00      1,75
02:46:22          0     97,98      0,00      2,02      0,00      0,00      0,00
02:46:22          1     96,04      0,00      3,96      0,00      0,00      0,00
02:46:22          2     90,00      0,00      4,00      0,00      0,00      6,00
02:46:22          3     92,00      0,00      7,00      0,00      0,00      1,00

02:46:22        CPU     %user     %nice   %system   %iowait    %steal     %idle
02:46:23        all     94,24      0,00      4,26      0,00      0,00      1,50
02:46:23          0     91,00      0,00      5,00      0,00      0,00      4,00
02:46:23          1     97,98      0,00      2,02      0,00      0,00      0,00
02:46:23          2     94,95      0,00      3,03      0,00      0,00      2,02
02:46:23          3     93,07      0,00      6,93      0,00      0,00      0,00

02:46:23        CPU     %user     %nice   %system   %iowait    %steal     %idle
02:46:24        all     94,03      0,00      4,73      0,00      0,00      1,24
02:46:24          0     92,16      0,00      3,92      0,00      0,00      3,92
02:46:24          1     93,07      0,00      5,94      0,00      0,00      0,99
02:46:24          2     97,00      0,00      3,00      0,00      0,00      0,00
02:46:24          3     93,94      0,00      6,06      0,00      0,00      0,00

02:46:24        CPU     %user     %nice   %system   %iowait    %steal     %idle
02:46:25        all     93,52      0,00      4,74      0,00      0,00      1,75
02:46:25          0     91,84      0,00      5,10      0,00      0,00      3,06
02:46:25          1     95,05      0,00      4,95      0,00      0,00      0,00
02:46:25          2     92,16      0,00      3,92      0,00      0,00      3,92
02:46:25          3     95,00      0,00      5,00      0,00      0,00      0,00

02:46:25        CPU     %user     %nice   %system   %iowait    %steal     %idle
02:46:26        all     95,48      0,00      3,52      0,00      0,00      1,01
02:46:26          0     94,00      0,00      3,00      0,00      0,00      3,00
02:46:26          1     97,98      0,00      2,02      0,00      0,00      0,00
02:46:26          2     94,95      0,00      4,04      0,00      0,00      1,01
02:46:26          3     95,00      0,00      5,00      0,00      0,00      0,00

02:46:26        CPU     %user     %nice   %system   %iowait    %steal     %idle
02:46:27        all     95,73      0,00      2,76      0,00      0,00      1,51
02:46:27          0     94,00      0,00      2,00      0,00      0,00      4,00
02:46:27          1     95,00      0,00      3,00      0,00      0,00      2,00
02:46:27          2     97,98      0,00      2,02      0,00      0,00      0,00
02:46:27          3     95,96      0,00      4,04      0,00      0,00      0,00

02:46:27        CPU     %user     %nice   %system   %iowait    %steal     %idle
02:46:28        all     93,52      0,00      4,24      0,00      0,00      2,24
02:46:28          0     96,00      0,00      3,00      0,00      0,00      1,00
02:46:28          1     93,00      0,00      5,00      0,00      0,00      2,00
02:46:28          2     90,00      0,00      6,00      0,00      0,00      4,00
02:46:28          3     95,05      0,00      2,97      0,00      0,00      1,98

02:46:28        CPU     %user     %nice   %system   %iowait    %steal     %idle
02:46:29        all     92,33      0,00      4,95      0,00      0,00      2,72
02:46:29          0     97,00      0,00      3,00      0,00      0,00      0,00
02:46:29          1     90,10      0,00      5,94      0,00      0,00      3,96
02:46:29          2     88,24      0,00      5,88      0,00      0,00      5,88
02:46:29          3     94,06      0,00      4,95      0,00      0,00      0,99

02:46:29        CPU     %user     %nice   %system   %iowait    %steal     %idle
02:46:30        all     93,00      0,00      3,25      0,00      0,00      3,75
02:46:30          0     99,00      0,00      1,00      0,00      0,00      0,00
02:46:30          1     92,00      0,00      5,00      0,00      0,00      3,00
02:46:30          2     88,78      0,00      3,06      0,00      0,00      8,16
02:46:30          3     92,16      0,00      3,92      0,00      0,00      3,92

02:46:30        CPU     %user     %nice   %system   %iowait    %steal     %idle
02:46:31        all     95,24      0,00      4,26      0,00      0,00      0,50
02:46:31          0     94,06      0,00      4,95      0,00      0,00      0,99
02:46:31          1     94,95      0,00      5,05      0,00      0,00      0,00
02:46:31          2     94,00      0,00      6,00      0,00      0,00      0,00
02:46:31          3     97,98      0,00      1,01      0,00      0,00      1,01

02:46:31        CPU     %user     %nice   %system   %iowait    %steal     %idle
02:46:32        all     93,48      0,00      3,51      0,00      0,00      3,01
02:46:32          0     91,92      0,00      3,03      0,00      0,00      5,05
02:46:32          1     88,12      0,00      6,93      0,00      0,00      4,95
02:46:32          2     97,00      0,00      2,00      0,00      0,00      1,00
02:46:32          3     96,97      0,00      2,02      0,00      0,00      1,01

02:46:32        CPU     %user     %nice   %system   %iowait    %steal     %idle
02:46:33        all     93,98      0,00      4,26      0,00      0,00      1,75
02:46:33          0     96,97      0,00      3,03      0,00      0,00      0,00
02:46:33          1     83,00      0,00     10,00      0,00      0,00      7,00
02:46:33          2     98,00      0,00      2,00      0,00      0,00      0,00
02:46:33          3     98,00      0,00      2,00      0,00      0,00      0,00

02:46:33        CPU     %user     %nice   %system   %iowait    %steal     %idle
02:46:34        all     94,00      0,00      4,00      0,00      0,00      2,00
02:46:34          0     92,08      0,00      4,95      0,00      0,00      2,97
02:46:34          1     93,88      0,00      3,06      0,00      0,00      3,06
02:46:34          2     96,00      0,00      3,00      0,00      0,00      1,00
02:46:34          3     94,06      0,00      4,95      0,00      0,00      0,99


Średnia:       CPU     %user     %nice   %system   %iowait    %steal     %idle
Średnia:       all     62,90      0,11      3,51      0,03      0,00     33,44
Średnia:         0     62,53      0,14      2,88      0,05      0,00     34,40
Średnia:         1     60,99      0,14      4,33      0,09      0,00     34,44
Średnia:         2     62,19      0,05      3,14      0,00      0,00     34,63
Średnia:         3     65,91      0,12      3,68      0,00      0,00     30,30
