Linux 5.8.6-1-MANJARO (bblaszkow-pc-manjaro) 	28.09.2020 	_x86_64_	(4 CPU)

02:50:56        CPU     %user     %nice   %system   %iowait    %steal     %idle
02:50:57        all     62,72      2,06     13,62      0,26      0,00     21,34
02:50:57          0     45,36      4,12     22,68      0,00      0,00     27,84
02:50:57          1     62,11      1,05     17,89      0,00      0,00     18,95
02:50:57          2     69,00      3,00      7,00      1,00      0,00     20,00
02:50:57          3     74,23      0,00      7,22      0,00      0,00     18,56

02:50:57        CPU     %user     %nice   %system   %iowait    %steal     %idle
02:50:58        all     26,45      0,00      2,77      0,25      0,00     70,53
02:50:58          0     93,94      0,00      5,05      0,00      0,00      1,01
02:50:58          1      2,02      0,00      3,03      0,00      0,00     94,95
02:50:58          2      1,01      0,00      2,02      1,01      0,00     95,96
02:50:58          3      9,00      0,00      1,00      0,00      0,00     90,00

02:50:58        CPU     %user     %nice   %system   %iowait    %steal     %idle
02:50:59        all     23,69      0,00      2,00      0,00      0,00     74,31
02:50:59          0     94,00      0,00      6,00      0,00      0,00      0,00
02:50:59          1      0,00      0,00      0,99      0,00      0,00     99,01
02:50:59          2      0,00      0,00      1,00      0,00      0,00     99,00
02:50:59          3      1,00      0,00      0,00      0,00      0,00     99,00

02:50:59        CPU     %user     %nice   %system   %iowait    %steal     %idle
02:51:00        all     11,87      0,00      2,02      0,00      0,00     86,11
02:51:00          0     35,35      0,00      3,03      0,00      0,00     61,62
02:51:00          1      8,16      0,00      3,06      0,00      0,00     88,78
02:51:00          2      3,00      0,00      0,00      0,00      0,00     97,00
02:51:00          3      1,01      0,00      2,02      0,00      0,00     96,97

02:51:00        CPU     %user     %nice   %system   %iowait    %steal     %idle
02:51:01        all      0,00      0,00      0,25      0,00      0,00     99,75
02:51:01          0      0,00      0,00      0,00      0,00      0,00    100,00
02:51:01          1      0,00      0,00      0,99      0,00      0,00     99,01
02:51:01          2      0,00      0,00      0,00      0,00      0,00    100,00
02:51:01          3      0,00      0,00      0,00      0,00      0,00    100,00

02:51:01        CPU     %user     %nice   %system   %iowait    %steal     %idle
02:51:02        all     39,20      0,00     14,82      0,00      0,00     45,98
02:51:02          0     37,00      0,00     15,00      0,00      0,00     48,00
02:51:02          1     42,00      0,00     14,00      0,00      0,00     44,00
02:51:02          2     36,73      0,00     18,37      0,00      0,00     44,90
02:51:02          3     41,00      0,00     12,00      0,00      0,00     47,00

02:51:02        CPU     %user     %nice   %system   %iowait    %steal     %idle
02:51:03        all     74,44      0,00     23,31      0,25      0,00      2,01
02:51:03          0     75,76      0,00     21,21      0,00      0,00      3,03
02:51:03          1     68,00      0,00     28,00      1,00      0,00      3,00
02:51:03          2     80,00      0,00     19,00      0,00      0,00      1,00
02:51:03          3     74,00      0,00     25,00      0,00      0,00      1,00

02:51:03        CPU     %user     %nice   %system   %iowait    %steal     %idle
02:51:04        all     90,57      0,00      9,18      0,00      0,00      0,25
02:51:04          0     88,24      0,00     11,76      0,00      0,00      0,00
02:51:04          1     90,00      0,00     10,00      0,00      0,00      0,00
02:51:04          2     93,00      0,00      7,00      0,00      0,00      0,00
02:51:04          3     91,09      0,00      7,92      0,00      0,00      0,99

02:51:04        CPU     %user     %nice   %system   %iowait    %steal     %idle
02:51:05        all     92,75      0,25      7,00      0,00      0,00      0,00
02:51:05          0     92,00      1,00      7,00      0,00      0,00      0,00
02:51:05          1     93,94      0,00      6,06      0,00      0,00      0,00
02:51:05          2     92,08      0,00      7,92      0,00      0,00      0,00
02:51:05          3     93,00      0,00      7,00      0,00      0,00      0,00

02:51:05        CPU     %user     %nice   %system   %iowait    %steal     %idle
02:51:06        all     92,27      0,75      6,98      0,00      0,00      0,00
02:51:06          0     93,94      0,00      6,06      0,00      0,00      0,00
02:51:06          1     88,24      2,94      8,82      0,00      0,00      0,00
02:51:06          2     95,00      0,00      5,00      0,00      0,00      0,00
02:51:06          3     92,00      0,00      8,00      0,00      0,00      0,00

02:51:06        CPU     %user     %nice   %system   %iowait    %steal     %idle
02:51:07        all     89,00      0,00     10,50      0,00      0,00      0,50
02:51:07          0     89,00      0,00     11,00      0,00      0,00      0,00
02:51:07          1     84,00      0,00     14,00      0,00      0,00      2,00
02:51:07          2     91,09      0,00      8,91      0,00      0,00      0,00
02:51:07          3     91,92      0,00      8,08      0,00      0,00      0,00

02:51:07        CPU     %user     %nice   %system   %iowait    %steal     %idle
02:51:08        all     35,64      0,00      5,94      1,49      0,00     56,93
02:51:08          0     31,73      0,00      5,77      0,00      0,00     62,50
02:51:08          1     37,37      0,00      6,06      6,06      0,00     50,51
02:51:08          2     34,34      0,00      5,05      0,00      0,00     60,61
02:51:08          3     39,22      0,00      6,86      0,00      0,00     53,92

02:51:08        CPU     %user     %nice   %system   %iowait    %steal     %idle
02:51:09        all      0,00      0,00      0,00      0,00      0,00    100,00
02:51:09          0      0,00      0,00      0,00      0,00      0,00    100,00
02:51:09          1      0,00      0,00      0,00      0,00      0,00    100,00
02:51:09          2      0,00      0,00      0,00      0,00      0,00    100,00
02:51:09          3      0,00      0,00      0,00      0,00      0,00    100,00

02:51:09        CPU     %user     %nice   %system   %iowait    %steal     %idle
02:51:10        all      0,25      0,00      0,25      0,00      0,00     99,50
02:51:10          0      0,00      0,00      0,00      0,00      0,00    100,00
02:51:10          1      0,99      0,00      0,99      0,00      0,00     98,02
02:51:10          2      0,00      0,00      0,00      0,00      0,00    100,00
02:51:10          3      0,00      0,00      0,00      0,00      0,00    100,00

02:51:10        CPU     %user     %nice   %system   %iowait    %steal     %idle
02:51:11        all      0,00      0,00      0,50      0,00      0,00     99,50
02:51:11          0      0,00      0,00      0,00      0,00      0,00    100,00
02:51:11          1      0,00      0,00      1,00      0,00      0,00     99,00
02:51:11          2      0,00      0,00      0,99      0,00      0,00     99,01
02:51:11          3      0,00      0,00      0,00      0,00      0,00    100,00

02:51:11        CPU     %user     %nice   %system   %iowait    %steal     %idle
02:51:12        all     28,75      0,00      7,25      0,00      0,00     64,00
02:51:12          0     30,69      0,00      5,94      0,00      0,00     63,37
02:51:12          1     26,73      0,00      8,91      0,00      0,00     64,36
02:51:12          2     25,51      0,00      8,16      0,00      0,00     66,33
02:51:12          3     32,00      0,00      6,00      0,00      0,00     62,00

02:51:12        CPU     %user     %nice   %system   %iowait    %steal     %idle
02:51:13        all     86,57      1,49     11,94      0,00      0,00      0,00
02:51:13          0     98,02      0,00      1,98      0,00      0,00      0,00
02:51:13          1     85,15      0,99     13,86      0,00      0,00      0,00
02:51:13          2     90,00      4,00      6,00      0,00      0,00      0,00
02:51:13          3     73,00      1,00     26,00      0,00      0,00      0,00

02:51:13        CPU     %user     %nice   %system   %iowait    %steal     %idle
02:51:14        all     93,48      1,25      4,51      0,00      0,00      0,75
02:51:14          0     98,99      0,00      1,01      0,00      0,00      0,00
02:51:14          1     91,92      1,01      7,07      0,00      0,00      0,00
02:51:14          2     93,07      0,00      5,94      0,00      0,00      0,99
02:51:14          3     90,00      4,00      4,00      0,00      0,00      2,00

02:51:14        CPU     %user     %nice   %system   %iowait    %steal     %idle
02:51:15        all     95,48      0,00      4,27      0,00      0,00      0,25
02:51:15          0     95,00      0,00      5,00      0,00      0,00      0,00
02:51:15          1     94,95      0,00      5,05      0,00      0,00      0,00
02:51:15          2     95,96      0,00      4,04      0,00      0,00      0,00
02:51:15          3     96,00      0,00      3,00      0,00      0,00      1,00

02:51:15        CPU     %user     %nice   %system   %iowait    %steal     %idle
02:51:16        all     95,51      0,00      4,49      0,00      0,00      0,00
02:51:16          0     93,07      0,00      6,93      0,00      0,00      0,00
02:51:16          1     94,00      0,00      6,00      0,00      0,00      0,00
02:51:16          2     99,00      0,00      1,00      0,00      0,00      0,00
02:51:16          3     96,00      0,00      4,00      0,00      0,00      0,00

02:51:16        CPU     %user     %nice   %system   %iowait    %steal     %idle
02:51:17        all     96,24      0,00      3,01      0,00      0,00      0,75
02:51:17          0     98,99      0,00      1,01      0,00      0,00      0,00
02:51:17          1     95,00      0,00      3,00      0,00      0,00      2,00
02:51:17          2     95,96      0,00      4,04      0,00      0,00      0,00
02:51:17          3     95,05      0,00      3,96      0,00      0,00      0,99

02:51:17        CPU     %user     %nice   %system   %iowait    %steal     %idle
02:51:18        all     95,49      0,00      3,26      0,00      0,00      1,25
02:51:18          0     95,96      0,00      3,03      0,00      0,00      1,01
02:51:18          1     92,93      0,00      4,04      0,00      0,00      3,03
02:51:18          2     95,05      0,00      3,96      0,00      0,00      0,99
02:51:18          3     98,00      0,00      2,00      0,00      0,00      0,00

02:51:18        CPU     %user     %nice   %system   %iowait    %steal     %idle
02:51:19        all     91,79      0,00      3,98      0,00      0,00      4,23
02:51:19          0     92,08      0,00      5,94      0,00      0,00      1,98
02:51:19          1     86,14      0,00      4,95      0,00      0,00      8,91
02:51:19          2     90,10      0,00      3,96      0,00      0,00      5,94
02:51:19          3     98,99      0,00      1,01      0,00      0,00      0,00

02:51:19        CPU     %user     %nice   %system   %iowait    %steal     %idle
02:51:20        all     90,50      0,00      4,25      0,00      0,00      5,25
02:51:20          0     85,00      0,00      7,00      0,00      0,00      8,00
02:51:20          1     89,90      0,00      4,04      0,00      0,00      6,06
02:51:20          2     95,00      0,00      2,00      0,00      0,00      3,00
02:51:20          3     92,08      0,00      3,96      0,00      0,00      3,96

02:51:20        CPU     %user     %nice   %system   %iowait    %steal     %idle
02:51:21        all     90,95      0,00      4,77      0,00      0,00      4,27
02:51:21          0     88,12      0,00      3,96      0,00      0,00      7,92
02:51:21          1     93,88      0,00      3,06      0,00      0,00      3,06
02:51:21          2     89,00      0,00      8,00      0,00      0,00      3,00
02:51:21          3     92,93      0,00      4,04      0,00      0,00      3,03

02:51:21        CPU     %user     %nice   %system   %iowait    %steal     %idle
02:51:22        all     90,48      0,00      3,51      0,00      0,00      6,02
02:51:22          0     93,00      0,00      0,00      0,00      0,00      7,00
02:51:22          1     96,00      0,00      4,00      0,00      0,00      0,00
02:51:22          2     89,80      0,00      5,10      0,00      0,00      5,10
02:51:22          3     83,17      0,00      4,95      0,00      0,00     11,88

02:51:22        CPU     %user     %nice   %system   %iowait    %steal     %idle
02:51:23        all     89,36      0,00      6,44      0,00      0,00      4,21
02:51:23          0     94,06      0,00      3,96      0,00      0,00      1,98
02:51:23          1     85,15      0,00      8,91      0,00      0,00      5,94
02:51:23          2     88,12      0,00      8,91      0,00      0,00      2,97
02:51:23          3     90,10      0,00      3,96      0,00      0,00      5,94

02:51:23        CPU     %user     %nice   %system   %iowait    %steal     %idle
02:51:24        all     92,27      0,00      4,24      0,00      0,00      3,49
02:51:24          0     92,08      0,00      3,96      0,00      0,00      3,96
02:51:24          1     93,94      0,00      6,06      0,00      0,00      0,00
02:51:24          2     94,00      0,00      4,00      0,00      0,00      2,00
02:51:24          3     89,11      0,00      2,97      0,00      0,00      7,92

02:51:24        CPU     %user     %nice   %system   %iowait    %steal     %idle
02:51:25        all     89,80      0,00      4,23      0,00      0,00      5,97
02:51:25          0     90,10      0,00      0,99      0,00      0,00      8,91
02:51:25          1     87,13      0,00      9,90      0,00      0,00      2,97
02:51:25          2     91,00      0,00      3,00      0,00      0,00      6,00
02:51:25          3     91,00      0,00      3,00      0,00      0,00      6,00

02:51:25        CPU     %user     %nice   %system   %iowait    %steal     %idle
02:51:26        all     93,20      0,00      3,53      0,00      0,00      3,27
02:51:26          0     91,92      0,00      2,02      0,00      0,00      6,06
02:51:26          1     92,93      0,00      4,04      0,00      0,00      3,03
02:51:26          2     98,99      0,00      1,01      0,00      0,00      0,00
02:51:26          3     89,00      0,00      7,00      0,00      0,00      4,00

02:51:26        CPU     %user     %nice   %system   %iowait    %steal     %idle
02:51:27        all     88,97      0,00      4,76      0,00      0,00      6,27
02:51:27          0     91,00      0,00      2,00      0,00      0,00      7,00
02:51:27          1     91,00      0,00      6,00      0,00      0,00      3,00
02:51:27          2     91,00      0,00      4,00      0,00      0,00      5,00
02:51:27          3     82,83      0,00      7,07      0,00      0,00     10,10

02:51:27        CPU     %user     %nice   %system   %iowait    %steal     %idle
02:51:28        all     93,94      0,00      3,03      0,00      0,00      3,03
02:51:28          0     89,00      0,00      5,00      0,00      0,00      6,00
02:51:28          1     93,88      0,00      3,06      0,00      0,00      3,06
02:51:28          2     97,98      0,00      2,02      0,00      0,00      0,00
02:51:28          3     94,95      0,00      2,02      0,00      0,00      3,03

02:51:28        CPU     %user     %nice   %system   %iowait    %steal     %idle
02:51:29        all     92,48      0,00      3,76      0,00      0,00      3,76
02:51:29          0     95,05      0,00      3,96      0,00      0,00      0,99
02:51:29          1     91,09      0,00      4,95      0,00      0,00      3,96
02:51:29          2     91,92      0,00      3,03      0,00      0,00      5,05
02:51:29          3     91,84      0,00      3,06      0,00      0,00      5,10

02:51:29        CPU     %user     %nice   %system   %iowait    %steal     %idle
02:51:30        all     94,96      0,00      3,53      0,00      0,00      1,51
02:51:30          0     95,96      0,00      3,03      0,00      0,00      1,01
02:51:30          1     91,00      0,00      6,00      0,00      0,00      3,00
02:51:30          2     95,92      0,00      2,04      0,00      0,00      2,04
02:51:30          3     97,00      0,00      3,00      0,00      0,00      0,00

02:51:30        CPU     %user     %nice   %system   %iowait    %steal     %idle
02:51:31        all     92,46      0,00      2,51      0,00      0,00      5,03
02:51:31          0     97,00      0,00      1,00      0,00      0,00      2,00
02:51:31          1     87,00      0,00      6,00      0,00      0,00      7,00
02:51:31          2     93,00      0,00      2,00      0,00      0,00      5,00
02:51:31          3     92,86      0,00      1,02      0,00      0,00      6,12

02:51:31        CPU     %user     %nice   %system   %iowait    %steal     %idle
02:51:32        all     93,97      0,00      4,27      0,00      0,00      1,76
02:51:32          0     94,95      0,00      4,04      0,00      0,00      1,01
02:51:32          1     96,97      0,00      1,01      0,00      0,00      2,02
02:51:32          2     88,00      0,00      9,00      0,00      0,00      3,00
02:51:32          3     96,00      0,00      3,00      0,00      0,00      1,00

02:51:32        CPU     %user     %nice   %system   %iowait    %steal     %idle
02:51:33        all     91,75      0,25      3,00      0,00      0,00      5,00
02:51:33          0     93,94      0,00      0,00      0,00      0,00      6,06
02:51:33          1     92,08      0,00      3,96      0,00      0,00      3,96
02:51:33          2     89,00      1,00      2,00      0,00      0,00      8,00
02:51:33          3     92,00      0,00      6,00      0,00      0,00      2,00

02:51:33        CPU     %user     %nice   %system   %iowait    %steal     %idle
02:51:34        all     93,77      0,00      3,49      0,00      0,00      2,74
02:51:34          0     92,08      0,00      3,96      0,00      0,00      3,96
02:51:34          1     96,97      0,00      3,03      0,00      0,00      0,00
02:51:34          2     93,00      0,00      3,00      0,00      0,00      4,00
02:51:34          3     93,07      0,00      3,96      0,00      0,00      2,97

02:51:34        CPU     %user     %nice   %system   %iowait    %steal     %idle
02:51:35        all     92,44      0,00      3,27      0,00      0,00      4,28
02:51:35          0     90,00      0,00      3,00      0,00      0,00      7,00
02:51:35          1     93,07      0,00      6,93      0,00      0,00      0,00
02:51:35          2     93,81      0,00      0,00      0,00      0,00      6,19
02:51:35          3     92,93      0,00      3,03      0,00      0,00      4,04

02:51:35        CPU     %user     %nice   %system   %iowait    %steal     %idle
02:51:36        all     92,46      0,00      2,76      0,00      0,00      4,77
02:51:36          0     90,82      0,00      2,04      0,00      0,00      7,14
02:51:36          1     95,00      0,00      3,00      0,00      0,00      2,00
02:51:36          2     92,00      0,00      4,00      0,00      0,00      4,00
02:51:36          3     92,00      0,00      2,00      0,00      0,00      6,00

02:51:36        CPU     %user     %nice   %system   %iowait    %steal     %idle
02:51:37        all     94,22      0,00      3,27      0,00      0,00      2,51
02:51:37          0     94,95      0,00      3,03      0,00      0,00      2,02
02:51:37          1     92,93      0,00      2,02      0,00      0,00      5,05
02:51:37          2     94,00      0,00      4,00      0,00      0,00      2,00
02:51:37          3     95,00      0,00      4,00      0,00      0,00      1,00

02:51:37        CPU     %user     %nice   %system   %iowait    %steal     %idle
02:51:38        all     58,84      0,00     12,12      1,26      0,00     27,78
02:51:38          0     56,57      0,00     16,16      1,01      0,00     26,26
02:51:38          1     63,00      0,00      9,00      1,00      0,00     27,00
02:51:38          2     60,20      0,00     13,27      0,00      0,00     26,53
02:51:38          3     55,56      0,00     10,10      3,03      0,00     31,31

02:51:38        CPU     %user     %nice   %system   %iowait    %steal     %idle
02:51:39        all      5,26      0,00      1,75      0,25      0,00     92,73
02:51:39          0      3,00      0,00      1,00      0,00      0,00     96,00
02:51:39          1      4,04      0,00      2,02      0,00      0,00     93,94
02:51:39          2     11,00      0,00      3,00      0,00      0,00     86,00
02:51:39          3      3,00      0,00      1,00      1,00      0,00     95,00


Średnia:       CPU     %user     %nice   %system   %iowait    %steal     %idle
Średnia:       all     70,80      0,14      5,21      0,09      0,00     23,76
Średnia:         0     74,35      0,12      5,00      0,02      0,00     20,50
Średnia:         1     69,06      0,14      6,16      0,19      0,00     24,46
Średnia:         2     70,17      0,19      4,71      0,05      0,00     24,89
Średnia:         3     69,60      0,12      4,98      0,09      0,00     25,20
