Linux 5.8.6-1-MANJARO (bblaszkow-pc-manjaro) 	28.09.2020 	_x86_64_	(4 CPU)

02:49:29        CPU     %user     %nice   %system   %iowait    %steal     %idle
02:49:30        all     58,35      1,50     14,96      0,25      0,00     24,94
02:49:30          0     65,05      0,97     11,65      0,00      0,00     22,33
02:49:30          1     44,44      2,02     21,21      0,00      0,00     32,32
02:49:30          2     68,00      2,00     14,00      0,00      0,00     16,00
02:49:30          3     55,56      1,01     13,13      1,01      0,00     29,29

02:49:30        CPU     %user     %nice   %system   %iowait    %steal     %idle
02:49:31        all     25,44      0,00      3,24      0,50      0,00     70,82
02:49:31          0      1,00      0,00      2,00      0,00      0,00     97,00
02:49:31          1      1,98      0,00      1,98      0,00      0,00     96,04
02:49:31          2     90,10      0,00      8,91      0,00      0,00      0,99
02:49:31          3      8,08      0,00      0,00      2,02      0,00     89,90

02:49:31        CPU     %user     %nice   %system   %iowait    %steal     %idle
02:49:32        all     23,75      0,00      1,75      0,00      0,00     74,50
02:49:32          0      0,00      0,00      0,00      0,00      0,00    100,00
02:49:32          1      0,00      0,00      0,00      0,00      0,00    100,00
02:49:32          2     10,00      0,00      1,00      0,00      0,00     89,00
02:49:32          3     84,16      0,00      5,94      0,00      0,00      9,90

02:49:32        CPU     %user     %nice   %system   %iowait    %steal     %idle
02:49:33        all     11,28      0,00      1,75      0,00      0,00     86,97
02:49:33          0     11,00      0,00      2,00      0,00      0,00     87,00
02:49:33          1     10,00      0,00      1,00      0,00      0,00     89,00
02:49:33          2      2,02      0,00      0,00      0,00      0,00     97,98
02:49:33          3     22,00      0,00      4,00      0,00      0,00     74,00

02:49:33        CPU     %user     %nice   %system   %iowait    %steal     %idle
02:49:34        all      0,25      0,00      0,25      0,00      0,00     99,50
02:49:34          0      1,00      0,00      0,00      0,00      0,00     99,00
02:49:34          1      0,00      0,00      0,00      0,00      0,00    100,00
02:49:34          2      0,00      0,00      0,99      0,00      0,00     99,01
02:49:34          3      0,00      0,00      0,00      0,00      0,00    100,00

02:49:34        CPU     %user     %nice   %system   %iowait    %steal     %idle
02:49:35        all     43,18      0,00     10,86      0,51      0,00     45,45
02:49:35          0     42,42      0,00     10,10      0,00      0,00     47,47
02:49:35          1     46,00      0,00     11,00      2,00      0,00     41,00
02:49:35          2     44,33      0,00     11,34      0,00      0,00     44,33
02:49:35          3     40,00      0,00     11,00      0,00      0,00     49,00

02:49:35        CPU     %user     %nice   %system   %iowait    %steal     %idle
02:49:36        all     82,37      0,00     14,11      0,00      0,00      3,53
02:49:36          0     83,00      0,00     14,00      0,00      0,00      3,00
02:49:36          1     84,69      0,00     13,27      0,00      0,00      2,04
02:49:36          2     82,00      0,00     12,00      0,00      0,00      6,00
02:49:36          3     79,80      0,00     17,17      0,00      0,00      3,03

02:49:36        CPU     %user     %nice   %system   %iowait    %steal     %idle
02:49:37        all     92,48      0,00      7,52      0,00      0,00      0,00
02:49:37          0     92,93      0,00      7,07      0,00      0,00      0,00
02:49:37          1     91,00      0,00      9,00      0,00      0,00      0,00
02:49:37          2     94,00      0,00      6,00      0,00      0,00      0,00
02:49:37          3     92,00      0,00      8,00      0,00      0,00      0,00

02:49:37        CPU     %user     %nice   %system   %iowait    %steal     %idle
02:49:38        all     91,23      0,00      8,77      0,00      0,00      0,00
02:49:38          0     90,10      0,00      9,90      0,00      0,00      0,00
02:49:38          1     92,00      0,00      8,00      0,00      0,00      0,00
02:49:38          2     91,92      0,00      8,08      0,00      0,00      0,00
02:49:38          3     90,91      0,00      9,09      0,00      0,00      0,00

02:49:38        CPU     %user     %nice   %system   %iowait    %steal     %idle
02:49:39        all     23,69      0,00      3,49      0,00      0,00     72,82
02:49:39          0     24,00      0,00      3,00      0,00      0,00     73,00
02:49:39          1     22,77      0,00      3,96      0,00      0,00     73,27
02:49:39          2     24,75      0,00      1,98      0,00      0,00     73,27
02:49:39          3     23,23      0,00      5,05      0,00      0,00     71,72

02:49:39        CPU     %user     %nice   %system   %iowait    %steal     %idle
02:49:40        all      0,25      0,00      0,25      0,00      0,00     99,50
02:49:40          0      0,00      0,00      0,00      0,00      0,00    100,00
02:49:40          1      0,00      0,00      1,00      0,00      0,00     99,00
02:49:40          2      0,00      0,00      0,00      0,00      0,00    100,00
02:49:40          3      0,99      0,00      0,00      0,00      0,00     99,01

02:49:40        CPU     %user     %nice   %system   %iowait    %steal     %idle
02:49:41        all      0,00      0,00      0,00      1,00      0,00     99,00
02:49:41          0      0,00      0,00      0,00      4,00      0,00     96,00
02:49:41          1      0,00      0,00      0,00      0,00      0,00    100,00
02:49:41          2      0,00      0,00      0,00      0,00      0,00    100,00
02:49:41          3      0,00      0,00      0,00      0,00      0,00    100,00

02:49:41        CPU     %user     %nice   %system   %iowait    %steal     %idle
02:49:42        all      1,50      0,00      1,25      0,00      0,00     97,25
02:49:42          0      3,00      0,00      1,00      0,00      0,00     96,00
02:49:42          1      1,00      0,00      3,00      0,00      0,00     96,00
02:49:42          2      1,00      0,00      0,00      0,00      0,00     99,00
02:49:42          3      1,00      0,00      1,00      0,00      0,00     98,00

02:49:42        CPU     %user     %nice   %system   %iowait    %steal     %idle
02:49:43        all      0,00      0,00      0,00      0,00      0,00    100,00
02:49:43          0      0,00      0,00      0,00      0,00      0,00    100,00
02:49:43          1      0,00      0,00      0,00      0,00      0,00    100,00
02:49:43          2      0,00      0,00      0,00      0,00      0,00    100,00
02:49:43          3      0,00      0,00      0,00      0,00      0,00    100,00

02:49:43        CPU     %user     %nice   %system   %iowait    %steal     %idle
02:49:44        all      0,00      0,00      0,00      0,00      0,00    100,00
02:49:44          0      0,00      0,00      0,00      0,00      0,00    100,00
02:49:44          1      0,00      0,00      0,00      0,00      0,00    100,00
02:49:44          2      0,00      0,00      0,00      0,00      0,00    100,00
02:49:44          3      0,00      0,00      0,00      0,00      0,00    100,00

02:49:44        CPU     %user     %nice   %system   %iowait    %steal     %idle
02:49:45        all     32,84      0,00      5,22      0,00      0,00     61,94
02:49:45          0     24,24      0,00     11,11      0,00      0,00     64,65
02:49:45          1     33,66      0,00      4,95      0,00      0,00     61,39
02:49:45          2     37,62      0,00      1,98      0,00      0,00     60,40
02:49:45          3     35,64      0,00      2,97      0,00      0,00     61,39

02:49:45        CPU     %user     %nice   %system   %iowait    %steal     %idle
02:49:46        all     89,42      0,50      8,82      0,00      0,00      1,26
02:49:46          0     90,91      0,00      8,08      0,00      0,00      1,01
02:49:46          1     93,00      0,00      7,00      0,00      0,00      0,00
02:49:46          2     81,00      2,00     16,00      0,00      0,00      1,00
02:49:46          3     92,86      0,00      4,08      0,00      0,00      3,06

02:49:46        CPU     %user     %nice   %system   %iowait    %steal     %idle
02:49:47        all     90,48      2,01      6,52      0,00      0,00      1,00
02:49:47          0     95,96      0,00      4,04      0,00      0,00      0,00
02:49:47          1     75,51      7,14     16,33      0,00      0,00      1,02
02:49:47          2     96,00      1,00      1,00      0,00      0,00      2,00
02:49:47          3     94,12      0,00      4,90      0,00      0,00      0,98

02:49:47        CPU     %user     %nice   %system   %iowait    %steal     %idle
02:49:48        all     92,79      0,00      5,97      0,00      0,00      1,24
02:49:48          0     93,00      0,00      5,00      0,00      0,00      2,00
02:49:48          1     92,00      0,00      6,00      0,00      0,00      2,00
02:49:48          2     91,18      0,00      7,84      0,00      0,00      0,98
02:49:48          3     95,00      0,00      5,00      0,00      0,00      0,00

02:49:48        CPU     %user     %nice   %system   %iowait    %steal     %idle
02:49:49        all     95,51      0,00      2,74      0,00      0,00      1,75
02:49:49          0     96,12      0,00      3,88      0,00      0,00      0,00
02:49:49          1     91,92      0,00      5,05      0,00      0,00      3,03
02:49:49          2     95,96      0,00      1,01      0,00      0,00      3,03
02:49:49          3     98,00      0,00      1,00      0,00      0,00      1,00

02:49:49        CPU     %user     %nice   %system   %iowait    %steal     %idle
02:49:50        all     93,98      0,00      4,01      0,00      0,00      2,01
02:49:50          0     95,88      0,00      2,06      0,00      0,00      2,06
02:49:50          1     95,00      0,00      3,00      0,00      0,00      2,00
02:49:50          2     89,11      0,00      7,92      0,00      0,00      2,97
02:49:50          3     96,04      0,00      2,97      0,00      0,00      0,99

02:49:50        CPU     %user     %nice   %system   %iowait    %steal     %idle
02:49:51        all     94,74      0,00      4,26      0,00      0,00      1,00
02:49:51          0     96,00      0,00      2,00      0,00      0,00      2,00
02:49:51          1     93,00      0,00      7,00      0,00      0,00      0,00
02:49:51          2     96,97      0,00      3,03      0,00      0,00      0,00
02:49:51          3     93,00      0,00      5,00      0,00      0,00      2,00

02:49:51        CPU     %user     %nice   %system   %iowait    %steal     %idle
02:49:52        all     95,25      0,25      3,75      0,00      0,00      0,75
02:49:52          0     98,02      0,00      0,99      0,00      0,00      0,99
02:49:52          1     94,00      0,00      6,00      0,00      0,00      0,00
02:49:52          2     96,00      1,00      1,00      0,00      0,00      2,00
02:49:52          3     92,93      0,00      7,07      0,00      0,00      0,00

02:49:52        CPU     %user     %nice   %system   %iowait    %steal     %idle
02:49:53        all     94,99      0,00      3,76      0,00      0,00      1,25
02:49:53          0     95,00      0,00      3,00      0,00      0,00      2,00
02:49:53          1     95,96      0,00      3,03      0,00      0,00      1,01
02:49:53          2     95,05      0,00      3,96      0,00      0,00      0,99
02:49:53          3     93,94      0,00      5,05      0,00      0,00      1,01

02:49:53        CPU     %user     %nice   %system   %iowait    %steal     %idle
02:49:54        all     93,52      0,00      5,74      0,00      0,00      0,75
02:49:54          0     93,94      0,00      5,05      0,00      0,00      1,01
02:49:54          1     90,91      0,00      9,09      0,00      0,00      0,00
02:49:54          2     93,14      0,00      5,88      0,00      0,00      0,98
02:49:54          3     96,04      0,00      2,97      0,00      0,00      0,99

02:49:54        CPU     %user     %nice   %system   %iowait    %steal     %idle
02:49:55        all     94,24      0,00      4,01      0,00      0,00      1,75
02:49:55          0     96,00      0,00      3,00      0,00      0,00      1,00
02:49:55          1     92,08      0,00      4,95      0,00      0,00      2,97
02:49:55          2     95,96      0,00      2,02      0,00      0,00      2,02
02:49:55          3     92,93      0,00      6,06      0,00      0,00      1,01

02:49:55        CPU     %user     %nice   %system   %iowait    %steal     %idle
02:49:56        all     94,22      0,25      4,27      0,00      0,00      1,26
02:49:56          0     96,94      0,00      2,04      0,00      0,00      1,02
02:49:56          1     95,00      1,00      3,00      0,00      0,00      1,00
02:49:56          2     95,00      0,00      3,00      0,00      0,00      2,00
02:49:56          3     90,00      0,00      9,00      0,00      0,00      1,00

02:49:56        CPU     %user     %nice   %system   %iowait    %steal     %idle
02:49:57        all     93,52      0,00      4,24      0,00      0,00      2,24
02:49:57          0     91,00      0,00      5,00      0,00      0,00      4,00
02:49:57          1     94,00      0,00      6,00      0,00      0,00      0,00
02:49:57          2     95,05      0,00      2,97      0,00      0,00      1,98
02:49:57          3     94,00      0,00      3,00      0,00      0,00      3,00

02:49:57        CPU     %user     %nice   %system   %iowait    %steal     %idle
02:49:58        all     94,75      0,00      4,25      0,00      0,00      1,00
02:49:58          0     92,08      0,00      6,93      0,00      0,00      0,99
02:49:58          1     96,00      0,00      3,00      0,00      0,00      1,00
02:49:58          2     95,96      0,00      3,03      0,00      0,00      1,01
02:49:58          3     95,00      0,00      4,00      0,00      0,00      1,00

02:49:58        CPU     %user     %nice   %system   %iowait    %steal     %idle
02:49:59        all     94,99      0,00      3,26      0,00      0,00      1,75
02:49:59          0     94,95      0,00      4,04      0,00      0,00      1,01
02:49:59          1     92,00      0,00      7,00      0,00      0,00      1,00
02:49:59          2     95,00      0,00      1,00      0,00      0,00      4,00
02:49:59          3     98,00      0,00      1,00      0,00      0,00      1,00

02:49:59        CPU     %user     %nice   %system   %iowait    %steal     %idle
02:50:00        all     93,72      0,00      3,52      0,00      0,00      2,76
02:50:00          0     93,94      0,00      3,03      0,00      0,00      3,03
02:50:00          1     95,96      0,00      2,02      0,00      0,00      2,02
02:50:00          2     96,00      0,00      4,00      0,00      0,00      0,00
02:50:00          3     89,00      0,00      5,00      0,00      0,00      6,00

02:50:00        CPU     %user     %nice   %system   %iowait    %steal     %idle
02:50:01        all     95,50      0,00      3,00      0,00      0,00      1,50
02:50:01          0     96,04      0,00      1,98      0,00      0,00      1,98
02:50:01          1     94,00      0,00      5,00      0,00      0,00      1,00
02:50:01          2     98,00      0,00      2,00      0,00      0,00      0,00
02:50:01          3     93,94      0,00      3,03      0,00      0,00      3,03

02:50:01        CPU     %user     %nice   %system   %iowait    %steal     %idle
02:50:02        all     94,74      0,00      4,51      0,00      0,00      0,75
02:50:02          0     95,96      0,00      3,03      0,00      0,00      1,01
02:50:02          1     92,00      0,00      7,00      0,00      0,00      1,00
02:50:02          2     95,00      0,00      4,00      0,00      0,00      1,00
02:50:02          3     96,00      0,00      4,00      0,00      0,00      0,00

02:50:02        CPU     %user     %nice   %system   %iowait    %steal     %idle
02:50:03        all     95,26      0,00      2,99      0,00      0,00      1,75
02:50:03          0     97,03      0,00      0,99      0,00      0,00      1,98
02:50:03          1     93,07      0,00      3,96      0,00      0,00      2,97
02:50:03          2     94,06      0,00      4,95      0,00      0,00      0,99
02:50:03          3     96,94      0,00      2,04      0,00      0,00      1,02

02:50:03        CPU     %user     %nice   %system   %iowait    %steal     %idle
02:50:04        all     94,74      0,00      3,26      0,00      0,00      2,01
02:50:04          0     94,95      0,00      3,03      0,00      0,00      2,02
02:50:04          1     94,00      0,00      4,00      0,00      0,00      2,00
02:50:04          2     96,00      0,00      3,00      0,00      0,00      1,00
02:50:04          3     94,00      0,00      3,00      0,00      0,00      3,00

02:50:04        CPU     %user     %nice   %system   %iowait    %steal     %idle
02:50:05        all     94,96      0,00      3,27      0,00      0,00      1,76
02:50:05          0     97,00      0,00      3,00      0,00      0,00      0,00
02:50:05          1     91,84      0,00      5,10      0,00      0,00      3,06
02:50:05          2     95,96      0,00      2,02      0,00      0,00      2,02
02:50:05          3     95,00      0,00      3,00      0,00      0,00      2,00

02:50:05        CPU     %user     %nice   %system   %iowait    %steal     %idle
02:50:06        all     94,03      0,00      4,23      0,00      0,00      1,74
02:50:06          0     97,03      0,00      2,97      0,00      0,00      0,00
02:50:06          1     92,00      0,00      6,00      0,00      0,00      2,00
02:50:06          2     94,00      0,00      4,00      0,00      0,00      2,00
02:50:06          3     93,07      0,00      3,96      0,00      0,00      2,97

02:50:06        CPU     %user     %nice   %system   %iowait    %steal     %idle
02:50:07        all     94,72      0,00      4,02      0,00      0,00      1,26
02:50:07          0     92,00      0,00      5,00      0,00      0,00      3,00
02:50:07          1     93,00      0,00      6,00      0,00      0,00      1,00
02:50:07          2     97,98      0,00      1,01      0,00      0,00      1,01
02:50:07          3     95,96      0,00      4,04      0,00      0,00      0,00

02:50:07        CPU     %user     %nice   %system   %iowait    %steal     %idle
02:50:08        all     95,48      0,00      4,27      0,00      0,00      0,25
02:50:08          0     95,00      0,00      5,00      0,00      0,00      0,00
02:50:08          1     95,96      0,00      4,04      0,00      0,00      0,00
02:50:08          2     95,96      0,00      4,04      0,00      0,00      0,00
02:50:08          3     95,00      0,00      4,00      0,00      0,00      1,00

02:50:08        CPU     %user     %nice   %system   %iowait    %steal     %idle
02:50:09        all     93,23      0,00      5,26      0,00      0,00      1,50
02:50:09          0     93,94      0,00      6,06      0,00      0,00      0,00
02:50:09          1     91,00      0,00      9,00      0,00      0,00      0,00
02:50:09          2     93,00      0,00      3,00      0,00      0,00      4,00
02:50:09          3     95,00      0,00      3,00      0,00      0,00      2,00

02:50:09        CPU     %user     %nice   %system   %iowait    %steal     %idle
02:50:10        all     94,76      0,00      4,74      0,00      0,00      0,50
02:50:10          0     93,94      0,00      6,06      0,00      0,00      0,00
02:50:10          1     93,07      0,00      5,94      0,00      0,00      0,99
02:50:10          2     96,04      0,00      2,97      0,00      0,00      0,99
02:50:10          3     96,00      0,00      4,00      0,00      0,00      0,00

02:50:10        CPU     %user     %nice   %system   %iowait    %steal     %idle
02:50:11        all     95,21      0,00      4,03      0,00      0,00      0,76
02:50:11          0     91,00      0,00      8,00      0,00      0,00      1,00
02:50:11          1     95,00      0,00      5,00      0,00      0,00      0,00
02:50:11          2     97,96      0,00      1,02      0,00      0,00      1,02
02:50:11          3     96,97      0,00      2,02      0,00      0,00      1,01

02:50:11        CPU     %user     %nice   %system   %iowait    %steal     %idle
02:50:12        all     92,79      0,25      4,48      0,00      0,00      2,49
02:50:12          0     94,95      0,00      2,02      0,00      0,00      3,03
02:50:12          1     90,00      1,00      6,00      0,00      0,00      3,00
02:50:12          2     94,12      0,00      3,92      0,00      0,00      1,96
02:50:12          3     92,08      0,00      5,94      0,00      0,00      1,98


Średnia:       CPU     %user     %nice   %system   %iowait    %steal     %idle
Średnia:       all     70,40      0,11      4,43      0,05      0,00     25,00
Średnia:         0     69,67      0,02      4,12      0,09      0,00     26,09
Średnia:         1     68,08      0,26      5,43      0,05      0,00     26,19
Średnia:         2     72,14      0,14      3,86      0,00      0,00     23,86
Średnia:         3     71,72      0,02      4,31      0,07      0,00     23,88
