Linux 5.8.6-1-MANJARO (bblaszkow-pc-manjaro) 	28.09.2020 	_x86_64_	(4 CPU)

02:50:13        CPU     %user     %nice   %system   %iowait    %steal     %idle
02:50:14        all     62,25      1,50     17,25      0,25      0,00     18,75
02:50:14          0     65,00      2,00     13,00      1,00      0,00     19,00
02:50:14          1     73,53      0,00     14,71      0,00      0,00     11,76
02:50:14          2     61,00      2,00     15,00      0,00      0,00     22,00
02:50:14          3     48,98      2,04     26,53      0,00      0,00     22,45

02:50:14        CPU     %user     %nice   %system   %iowait    %steal     %idle
02:50:15        all     27,59      0,00      3,04      0,76      0,00     68,61
02:50:15          0      6,19      0,00      2,06      3,09      0,00     88,66
02:50:15          1      5,15      0,00      2,06      0,00      0,00     92,78
02:50:15          2     12,00      0,00      2,00      0,00      0,00     86,00
02:50:15          3     85,15      0,00      5,94      0,00      0,00      8,91

02:50:15        CPU     %user     %nice   %system   %iowait    %steal     %idle
02:50:16        all     23,00      0,00      2,50      0,00      0,00     74,50
02:50:16          0      0,00      0,00      0,99      0,00      0,00     99,01
02:50:16          1     70,71      0,00      7,07      0,00      0,00     22,22
02:50:16          2      1,00      0,00      0,00      0,00      0,00     99,00
02:50:16          3     21,00      0,00      2,00      0,00      0,00     77,00

02:50:16        CPU     %user     %nice   %system   %iowait    %steal     %idle
02:50:17        all     14,46      0,00      2,49      0,00      0,00     83,04
02:50:17          0      3,00      0,00      1,00      0,00      0,00     96,00
02:50:17          1     37,00      0,00      4,00      0,00      0,00     59,00
02:50:17          2     15,84      0,00      2,97      0,00      0,00     81,19
02:50:17          3      2,00      0,00      2,00      0,00      0,00     96,00

02:50:17        CPU     %user     %nice   %system   %iowait    %steal     %idle
02:50:18        all      0,00      0,00      0,00      0,00      0,00    100,00
02:50:18          0      0,00      0,00      0,00      0,00      0,00    100,00
02:50:18          1      0,00      0,00      0,00      0,00      0,00    100,00
02:50:18          2      0,00      0,00      0,00      0,00      0,00    100,00
02:50:18          3      0,00      0,00      0,00      0,00      0,00    100,00

02:50:18        CPU     %user     %nice   %system   %iowait    %steal     %idle
02:50:19        all     35,10      0,00      8,08      0,00      0,00     56,82
02:50:19          0     37,37      0,00      6,06      0,00      0,00     56,57
02:50:19          1     33,33      0,00     10,10      0,00      0,00     56,57
02:50:19          2     37,00      0,00      8,00      0,00      0,00     55,00
02:50:19          3     32,65      0,00      8,16      0,00      0,00     59,18

02:50:19        CPU     %user     %nice   %system   %iowait    %steal     %idle
02:50:20        all     78,70      0,00     19,55      0,25      0,00      1,50
02:50:20          0     82,00      0,00     16,00      0,00      0,00      2,00
02:50:20          1     74,00      0,00     24,00      0,00      0,00      2,00
02:50:20          2     77,23      0,00     19,80      0,99      0,00      1,98
02:50:20          3     81,63      0,00     18,37      0,00      0,00      0,00

02:50:20        CPU     %user     %nice   %system   %iowait    %steal     %idle
02:50:21        all     94,31      0,00      5,69      0,00      0,00      0,00
02:50:21          0     95,05      0,00      4,95      0,00      0,00      0,00
02:50:21          1     94,06      0,00      5,94      0,00      0,00      0,00
02:50:21          2     91,09      0,00      8,91      0,00      0,00      0,00
02:50:21          3     97,03      0,00      2,97      0,00      0,00      0,00

02:50:21        CPU     %user     %nice   %system   %iowait    %steal     %idle
02:50:22        all     91,50      0,25      8,25      0,00      0,00      0,00
02:50:22          0     91,09      0,99      7,92      0,00      0,00      0,00
02:50:22          1     89,00      0,00     11,00      0,00      0,00      0,00
02:50:22          2     94,00      0,00      6,00      0,00      0,00      0,00
02:50:22          3     91,92      0,00      8,08      0,00      0,00      0,00

02:50:22        CPU     %user     %nice   %system   %iowait    %steal     %idle
02:50:23        all     91,18      0,00      8,82      0,00      0,00      0,00
02:50:23          0     91,92      0,00      8,08      0,00      0,00      0,00
02:50:23          1     92,93      0,00      7,07      0,00      0,00      0,00
02:50:23          2     88,89      0,00     11,11      0,00      0,00      0,00
02:50:23          3     91,00      0,00      9,00      0,00      0,00      0,00

02:50:23        CPU     %user     %nice   %system   %iowait    %steal     %idle
02:50:24        all     30,42      0,00      4,74      0,00      0,00     64,84
02:50:24          0     31,31      0,00      3,03      0,00      0,00     65,66
02:50:24          1     36,00      0,00      4,00      0,00      0,00     60,00
02:50:24          2     32,67      0,00      7,92      0,00      0,00     59,41
02:50:24          3     21,78      0,00      3,96      0,00      0,00     74,26

02:50:24        CPU     %user     %nice   %system   %iowait    %steal     %idle
02:50:25        all      0,25      0,00      0,50      1,24      0,00     98,01
02:50:25          0      0,99      0,00      0,00      2,97      0,00     96,04
02:50:25          1      0,00      0,00      1,96      0,00      0,00     98,04
02:50:25          2      0,00      0,00      0,00      2,02      0,00     97,98
02:50:25          3      0,00      0,00      0,00      0,00      0,00    100,00

02:50:25        CPU     %user     %nice   %system   %iowait    %steal     %idle
02:50:26        all      0,00      0,00      0,25      0,00      0,00     99,75
02:50:26          0      0,00      0,00      0,99      0,00      0,00     99,01
02:50:26          1      0,00      0,00      0,00      0,00      0,00    100,00
02:50:26          2      0,00      0,00      0,00      0,00      0,00    100,00
02:50:26          3      0,00      0,00      0,00      0,00      0,00    100,00

02:50:26        CPU     %user     %nice   %system   %iowait    %steal     %idle
02:50:27        all      0,50      0,00      0,25      0,00      0,00     99,26
02:50:27          0      0,99      0,00      0,00      0,00      0,00     99,01
02:50:27          1      0,99      0,00      0,00      0,00      0,00     99,01
02:50:27          2      0,00      0,00      0,00      0,00      0,00    100,00
02:50:27          3      0,00      0,00      0,99      0,00      0,00     99,01

02:50:27        CPU     %user     %nice   %system   %iowait    %steal     %idle
02:50:28        all      0,00      0,00      0,00      0,00      0,00    100,00
02:50:28          0      0,00      0,00      0,00      0,00      0,00    100,00
02:50:28          1      0,00      0,00      0,00      0,00      0,00    100,00
02:50:28          2      0,00      0,00      0,00      0,00      0,00    100,00
02:50:28          3      0,00      0,00      0,00      0,00      0,00    100,00

02:50:28        CPU     %user     %nice   %system   %iowait    %steal     %idle
02:50:29        all     22,61      0,00      4,27      0,00      0,00     73,12
02:50:29          0     25,00      0,00      2,00      0,00      0,00     73,00
02:50:29          1     23,23      0,00      3,03      0,00      0,00     73,74
02:50:29          2     21,21      0,00      5,05      0,00      0,00     73,74
02:50:29          3     21,00      0,00      7,00      0,00      0,00     72,00

02:50:29        CPU     %user     %nice   %system   %iowait    %steal     %idle
02:50:30        all     87,50      0,75     11,25      0,00      0,00      0,50
02:50:30          0     95,00      1,00      4,00      0,00      0,00      0,00
02:50:30          1     87,00      0,00     12,00      0,00      0,00      1,00
02:50:30          2     77,78      0,00     21,21      0,00      0,00      1,01
02:50:30          3     90,10      1,98      7,92      0,00      0,00      0,00

02:50:30        CPU     %user     %nice   %system   %iowait    %steal     %idle
02:50:31        all     92,46      1,76      5,03      0,00      0,00      0,75
02:50:31          0     97,98      1,01      1,01      0,00      0,00      0,00
02:50:31          1     90,91      1,01      6,06      0,00      0,00      2,02
02:50:31          2     91,00      5,00      3,00      0,00      0,00      1,00
02:50:31          3     90,00      0,00     10,00      0,00      0,00      0,00

02:50:31        CPU     %user     %nice   %system   %iowait    %steal     %idle
02:50:32        all     92,27      0,50      6,23      0,00      0,00      1,00
02:50:32          0     96,00      0,00      2,00      0,00      0,00      2,00
02:50:32          1     87,00      2,00     10,00      0,00      0,00      1,00
02:50:32          2     94,06      0,00      4,95      0,00      0,00      0,99
02:50:32          3     92,00      0,00      8,00      0,00      0,00      0,00

02:50:32        CPU     %user     %nice   %system   %iowait    %steal     %idle
02:50:33        all     95,45      0,00      3,28      0,00      0,00      1,26
02:50:33          0     94,95      0,00      2,02      0,00      0,00      3,03
02:50:33          1     93,94      0,00      5,05      0,00      0,00      1,01
02:50:33          2     96,97      0,00      3,03      0,00      0,00      0,00
02:50:33          3     95,96      0,00      3,03      0,00      0,00      1,01

02:50:33        CPU     %user     %nice   %system   %iowait    %steal     %idle
02:50:34        all     93,00      0,00      4,50      0,00      0,00      2,50
02:50:34          0     91,09      0,00      4,95      0,00      0,00      3,96
02:50:34          1     92,93      0,00      5,05      0,00      0,00      2,02
02:50:34          2     96,00      0,00      1,00      0,00      0,00      3,00
02:50:34          3     92,00      0,00      7,00      0,00      0,00      1,00

02:50:34        CPU     %user     %nice   %system   %iowait    %steal     %idle
02:50:35        all     93,67      0,00      3,54      0,00      0,00      2,78
02:50:35          0     93,94      0,00      3,03      0,00      0,00      3,03
02:50:35          1     89,90      0,00      7,07      0,00      0,00      3,03
02:50:35          2     93,88      0,00      1,02      0,00      0,00      5,10
02:50:35          3     96,97      0,00      3,03      0,00      0,00      0,00

02:50:35        CPU     %user     %nice   %system   %iowait    %steal     %idle
02:50:36        all     88,72      0,00      4,51      0,00      0,00      6,77
02:50:36          0     90,00      0,00      5,00      0,00      0,00      5,00
02:50:36          1     88,89      0,00      5,05      0,00      0,00      6,06
02:50:36          2     88,00      0,00      4,00      0,00      0,00      8,00
02:50:36          3     88,00      0,00      4,00      0,00      0,00      8,00

02:50:36        CPU     %user     %nice   %system   %iowait    %steal     %idle
02:50:37        all     88,47      0,00      3,26      0,00      0,00      8,27
02:50:37          0     97,00      0,00      3,00      0,00      0,00      0,00
02:50:37          1     80,20      0,00      6,93      0,00      0,00     12,87
02:50:37          2     89,90      0,00      1,01      0,00      0,00      9,09
02:50:37          3     86,87      0,00      2,02      0,00      0,00     11,11

02:50:37        CPU     %user     %nice   %system   %iowait    %steal     %idle
02:50:38        all     90,93      0,00      4,03      0,00      0,00      5,04
02:50:38          0     91,92      0,00      3,03      0,00      0,00      5,05
02:50:38          1     89,80      0,00      6,12      0,00      0,00      4,08
02:50:38          2     94,95      0,00      2,02      0,00      0,00      3,03
02:50:38          3     87,13      0,00      4,95      0,00      0,00      7,92

02:50:38        CPU     %user     %nice   %system   %iowait    %steal     %idle
02:50:39        all     89,95      0,00      5,28      0,00      0,00      4,77
02:50:39          0     87,88      0,00      5,05      0,00      0,00      7,07
02:50:39          1     93,94      0,00      4,04      0,00      0,00      2,02
02:50:39          2     91,09      0,00      3,96      0,00      0,00      4,95
02:50:39          3     86,87      0,00      8,08      0,00      0,00      5,05

02:50:39        CPU     %user     %nice   %system   %iowait    %steal     %idle
02:50:40        all     90,98      0,00      5,01      0,00      0,00      4,01
02:50:40          0     89,11      0,00      4,95      0,00      0,00      5,94
02:50:40          1     96,04      0,00      2,97      0,00      0,00      0,99
02:50:40          2     88,78      0,00      7,14      0,00      0,00      4,08
02:50:40          3     89,90      0,00      5,05      0,00      0,00      5,05

02:50:40        CPU     %user     %nice   %system   %iowait    %steal     %idle
02:50:41        all     88,97      0,00      4,76      0,00      0,00      6,27
02:50:41          0     87,00      0,00      7,00      0,00      0,00      6,00
02:50:41          1     88,89      0,00      5,05      0,00      0,00      6,06
02:50:41          2     91,00      0,00      6,00      0,00      0,00      3,00
02:50:41          3     89,00      0,00      1,00      0,00      0,00     10,00

02:50:41        CPU     %user     %nice   %system   %iowait    %steal     %idle
02:50:42        all     89,54      0,00      4,59      0,00      0,00      5,87
02:50:42          0     89,90      0,00      8,08      0,00      0,00      2,02
02:50:42          1     88,54      0,00      4,17      0,00      0,00      7,29
02:50:42          2     88,89      0,00      6,06      0,00      0,00      5,05
02:50:42          3     90,82      0,00      0,00      0,00      0,00      9,18

02:50:42        CPU     %user     %nice   %system   %iowait    %steal     %idle
02:50:43        all     91,12      0,00      3,30      0,00      0,00      5,58
02:50:43          0     94,95      0,00      2,02      0,00      0,00      3,03
02:50:43          1     89,00      0,00      6,00      0,00      0,00      5,00
02:50:43          2     89,80      0,00      3,06      0,00      0,00      7,14
02:50:43          3     90,72      0,00      2,06      0,00      0,00      7,22

02:50:43        CPU     %user     %nice   %system   %iowait    %steal     %idle
02:50:44        all     93,45      0,00      3,78      0,00      0,00      2,77
02:50:44          0     96,00      0,00      3,00      0,00      0,00      1,00
02:50:44          1     94,95      0,00      2,02      0,00      0,00      3,03
02:50:44          2     89,90      0,00      6,06      0,00      0,00      4,04
02:50:44          3     92,93      0,00      4,04      0,00      0,00      3,03

02:50:44        CPU     %user     %nice   %system   %iowait    %steal     %idle
02:50:45        all     90,25      0,00      4,75      0,00      0,00      5,00
02:50:45          0     89,11      0,00      4,95      0,00      0,00      5,94
02:50:45          1     88,89      0,00      5,05      0,00      0,00      6,06
02:50:45          2     90,10      0,00      6,93      0,00      0,00      2,97
02:50:45          3     92,93      0,00      2,02      0,00      0,00      5,05

02:50:45        CPU     %user     %nice   %system   %iowait    %steal     %idle
02:50:46        all     92,09      0,26      2,55      0,00      0,00      5,10
02:50:46          0     89,69      0,00      1,03      0,00      0,00      9,28
02:50:46          1     91,00      1,00      2,00      0,00      0,00      6,00
02:50:46          2     95,88      0,00      1,03      0,00      0,00      3,09
02:50:46          3     91,84      0,00      6,12      0,00      0,00      2,04

02:50:46        CPU     %user     %nice   %system   %iowait    %steal     %idle
02:50:47        all     90,23      0,00      4,01      0,00      0,00      5,76
02:50:47          0     87,76      0,00      3,06      0,00      0,00      9,18
02:50:47          1     90,00      0,00      7,00      0,00      0,00      3,00
02:50:47          2     91,00      0,00      4,00      0,00      0,00      5,00
02:50:47          3     92,08      0,00      1,98      0,00      0,00      5,94

02:50:47        CPU     %user     %nice   %system   %iowait    %steal     %idle
02:50:48        all     92,46      0,00      3,02      0,00      0,00      4,52
02:50:48          0     91,84      0,00      4,08      0,00      0,00      4,08
02:50:48          1     87,88      0,00      3,03      0,00      0,00      9,09
02:50:48          2     96,04      0,00      3,96      0,00      0,00      0,00
02:50:48          3     94,00      0,00      1,00      0,00      0,00      5,00

02:50:48        CPU     %user     %nice   %system   %iowait    %steal     %idle
02:50:49        all     91,39      0,00      3,29      0,00      0,00      5,32
02:50:49          0     93,00      0,00      5,00      0,00      0,00      2,00
02:50:49          1     88,89      0,00      4,04      0,00      0,00      7,07
02:50:49          2     92,86      0,00      1,02      0,00      0,00      6,12
02:50:49          3     90,82      0,00      3,06      0,00      0,00      6,12

02:50:49        CPU     %user     %nice   %system   %iowait    %steal     %idle
02:50:50        all     88,97      0,00      4,01      0,00      0,00      7,02
02:50:50          0     83,84      0,00      6,06      0,00      0,00     10,10
02:50:50          1     94,06      0,00      4,95      0,00      0,00      0,99
02:50:50          2     87,88      0,00      3,03      0,00      0,00      9,09
02:50:50          3     90,00      0,00      2,00      0,00      0,00      8,00

02:50:50        CPU     %user     %nice   %system   %iowait    %steal     %idle
02:50:51        all     90,63      0,00      4,05      0,00      0,00      5,32
02:50:51          0     87,88      0,00      5,05      0,00      0,00      7,07
02:50:51          1     93,88      0,00      3,06      0,00      0,00      3,06
02:50:51          2     86,87      0,00      5,05      0,00      0,00      8,08
02:50:51          3     93,94      0,00      3,03      0,00      0,00      3,03

02:50:51        CPU     %user     %nice   %system   %iowait    %steal     %idle
02:50:52        all     90,43      0,00      3,02      0,00      0,00      6,55
02:50:52          0     91,09      0,00      3,96      0,00      0,00      4,95
02:50:52          1     89,90      0,00      3,03      0,00      0,00      7,07
02:50:52          2     92,78      0,00      2,06      0,00      0,00      5,15
02:50:52          3     88,00      0,00      3,00      0,00      0,00      9,00

02:50:52        CPU     %user     %nice   %system   %iowait    %steal     %idle
02:50:53        all     90,23      0,00      3,51      0,00      0,00      6,27
02:50:53          0     89,00      0,00      2,00      0,00      0,00      9,00
02:50:53          1     86,73      0,00      5,10      0,00      0,00      8,16
02:50:53          2     89,22      0,00      2,94      0,00      0,00      7,84
02:50:53          3     95,96      0,00      4,04      0,00      0,00      0,00

02:50:53        CPU     %user     %nice   %system   %iowait    %steal     %idle
02:50:54        all     92,44      0,00      3,53      0,00      0,00      4,03
02:50:54          0     93,88      0,00      1,02      0,00      0,00      5,10
02:50:54          1     88,89      0,00      6,06      0,00      0,00      5,05
02:50:54          2     94,00      0,00      5,00      0,00      0,00      1,00
02:50:54          3     93,00      0,00      2,00      0,00      0,00      5,00

02:50:54        CPU     %user     %nice   %system   %iowait    %steal     %idle
02:50:55        all     91,32      0,00      3,72      0,00      0,00      4,96
02:50:55          0     90,10      0,00      2,97      0,00      0,00      6,93
02:50:55          1     87,00      0,00      6,00      0,00      0,00      7,00
02:50:55          2     92,08      0,00      2,97      0,00      0,00      4,95
02:50:55          3     96,04      0,00      2,97      0,00      0,00      0,99

02:50:55        CPU     %user     %nice   %system   %iowait    %steal     %idle
02:50:56        all     92,71      0,00      2,76      0,00      0,00      4,52
02:50:56          0     95,00      0,00      1,00      0,00      0,00      4,00
02:50:56          1     95,00      0,00      3,00      0,00      0,00      2,00
02:50:56          2     90,00      0,00      2,00      0,00      0,00      8,00
02:50:56          3     90,82      0,00      5,10      0,00      0,00      4,08


Średnia:       CPU     %user     %nice   %system   %iowait    %steal     %idle
Średnia:       all     70,43      0,12      4,66      0,06      0,00     24,74
Średnia:         0     69,83      0,12      3,83      0,16      0,00     26,06
Średnia:         1     71,20      0,09      5,47      0,00      0,00     23,24
Średnia:         2     69,53      0,16      4,67      0,07      0,00     25,57
Średnia:         3     71,15      0,09      4,67      0,00      0,00     24,08
