Linux 5.8.6-1-MANJARO (bblaszkow-pc-manjaro) 	28.09.2020 	_x86_64_	(4 CPU)

02:48:45        CPU     %user     %nice   %system   %iowait    %steal     %idle
02:48:46        all     52,42      1,27     17,30      1,02      0,00     27,99
02:48:46          0     52,53      3,03     15,15      2,02      0,00     27,27
02:48:46          1     45,54      0,99     24,75      1,98      0,00     26,73
02:48:46          2     51,04      0,00     14,58      0,00      0,00     34,38
02:48:46          3     60,82      1,03     14,43      0,00      0,00     23,71

02:48:46        CPU     %user     %nice   %system   %iowait    %steal     %idle
02:48:47        all     26,25      0,00      2,50      0,25      0,00     71,00
02:48:47          0      1,00      0,00      2,00      1,00      0,00     96,00
02:48:47          1      9,00      0,00      2,00      0,00      0,00     89,00
02:48:47          2      0,00      0,00      0,00      0,00      0,00    100,00
02:48:47          3     94,06      0,00      5,94      0,00      0,00      0,00

02:48:47        CPU     %user     %nice   %system   %iowait    %steal     %idle
02:48:48        all     25,56      0,00      3,23      0,00      0,00     71,22
02:48:48          0      2,97      0,00      3,96      0,00      0,00     93,07
02:48:48          1      2,00      0,00      1,00      0,00      0,00     97,00
02:48:48          2      3,96      0,00      1,98      0,00      0,00     94,06
02:48:48          3     93,07      0,00      5,94      0,00      0,00      0,99

02:48:48        CPU     %user     %nice   %system   %iowait    %steal     %idle
02:48:49        all      9,80      0,00      2,51      0,75      0,00     86,93
02:48:49          0      8,00      0,00      5,00      1,00      0,00     86,00
02:48:49          1      5,05      0,00      1,01      1,01      0,00     92,93
02:48:49          2      4,00      0,00      1,00      0,00      0,00     95,00
02:48:49          3     22,22      0,00      3,03      1,01      0,00     73,74

02:48:49        CPU     %user     %nice   %system   %iowait    %steal     %idle
02:48:50        all      0,00      0,00      0,00      0,00      0,00    100,00
02:48:50          0      0,00      0,00      0,00      0,00      0,00    100,00
02:48:50          1      0,00      0,00      0,00      0,00      0,00    100,00
02:48:50          2      0,00      0,00      0,00      0,00      0,00    100,00
02:48:50          3      0,00      0,00      0,00      0,00      0,00    100,00

02:48:50        CPU     %user     %nice   %system   %iowait    %steal     %idle
02:48:51        all     43,07      0,50     10,33      0,25      0,00     45,84
02:48:51          0     44,44      0,00     10,10      0,00      0,00     45,45
02:48:51          1     42,00      0,00     11,00      1,00      0,00     46,00
02:48:51          2     44,44      0,00     11,11      0,00      0,00     44,44
02:48:51          3     41,41      2,02      9,09      0,00      0,00     47,47

02:48:51        CPU     %user     %nice   %system   %iowait    %steal     %idle
02:48:52        all     71,03      0,50      7,81      0,00      0,00     20,65
02:48:52          0     12,37      2,06      6,19      0,00      0,00     79,38
02:48:52          1     90,00      0,00      7,00      0,00      0,00      3,00
02:48:52          2     91,00      0,00      8,00      0,00      0,00      1,00
02:48:52          3     89,00      0,00     10,00      0,00      0,00      1,00

02:48:52        CPU     %user     %nice   %system   %iowait    %steal     %idle
02:48:53        all     69,00      0,00      6,25      0,00      0,00     24,75
02:48:53          0      1,00      0,00      1,00      0,00      0,00     98,00
02:48:53          1     91,00      0,00      9,00      0,00      0,00      0,00
02:48:53          2     91,92      0,00      8,08      0,00      0,00      0,00
02:48:53          3     92,08      0,00      6,93      0,00      0,00      0,99

02:48:53        CPU     %user     %nice   %system   %iowait    %steal     %idle
02:48:54        all     57,36      0,75      8,23      1,00      0,00     32,67
02:48:54          0     22,77      1,98      5,94      3,96      0,00     65,35
02:48:54          1     72,00      0,00     11,00      0,00      0,00     17,00
02:48:54          2     72,28      0,99      9,90      0,00      0,00     16,83
02:48:54          3     62,63      0,00      6,06      0,00      0,00     31,31

02:48:54        CPU     %user     %nice   %system   %iowait    %steal     %idle
02:48:55        all      0,50      0,75      0,75      0,00      0,00     97,99
02:48:55          0      0,00      0,00      1,00      0,00      0,00     99,00
02:48:55          1      1,00      0,00      1,00      0,00      0,00     98,00
02:48:55          2      1,01      0,00      0,00      0,00      0,00     98,99
02:48:55          3      0,00      3,00      1,00      0,00      0,00     96,00

02:48:55        CPU     %user     %nice   %system   %iowait    %steal     %idle
02:48:56        all      0,00      0,00      0,25      0,00      0,00     99,75
02:48:56          0      0,00      0,00      1,00      0,00      0,00     99,00
02:48:56          1      0,00      0,00      0,00      0,00      0,00    100,00
02:48:56          2      0,00      0,00      0,00      0,00      0,00    100,00
02:48:56          3      0,00      0,00      0,00      0,00      0,00    100,00

02:48:56        CPU     %user     %nice   %system   %iowait    %steal     %idle
02:48:57        all      0,00      0,00      0,00      0,00      0,00    100,00
02:48:57          0      0,00      0,00      0,00      0,00      0,00    100,00
02:48:57          1      0,00      0,00      0,00      0,00      0,00    100,00
02:48:57          2      0,00      0,00      0,00      0,00      0,00    100,00
02:48:57          3      0,00      0,00      0,00      0,00      0,00    100,00

02:48:57        CPU     %user     %nice   %system   %iowait    %steal     %idle
02:48:58        all      0,00      0,00      0,25      0,00      0,00     99,75
02:48:58          0      0,00      0,00      0,00      0,00      0,00    100,00
02:48:58          1      0,00      0,00      0,00      0,00      0,00    100,00
02:48:58          2      0,00      0,00      0,00      0,00      0,00    100,00
02:48:58          3      0,00      0,00      0,99      0,00      0,00     99,01

02:48:58        CPU     %user     %nice   %system   %iowait    %steal     %idle
02:48:59        all      0,25      0,00      0,00      0,50      0,00     99,25
02:48:59          0      0,00      0,00      0,00      2,00      0,00     98,00
02:48:59          1      0,00      0,00      0,00      0,00      0,00    100,00
02:48:59          2      0,00      0,00      0,00      0,00      0,00    100,00
02:48:59          3      0,99      0,00      0,00      0,00      0,00     99,01

02:48:59        CPU     %user     %nice   %system   %iowait    %steal     %idle
02:49:00        all      0,00      0,00      0,00      0,00      0,00    100,00
02:49:00          0      0,00      0,00      0,00      0,00      0,00    100,00
02:49:00          1      0,00      0,00      0,00      0,00      0,00    100,00
02:49:00          2      0,00      0,00      0,00      0,00      0,00    100,00
02:49:00          3      0,00      0,00      0,00      0,00      0,00    100,00

02:49:00        CPU     %user     %nice   %system   %iowait    %steal     %idle
02:49:01        all     34,26      0,25      6,05      0,00      0,00     59,45
02:49:01          0     31,63      0,00     10,20      0,00      0,00     58,16
02:49:01          1     33,00      0,00      8,00      0,00      0,00     59,00
02:49:01          2     35,35      0,00      3,03      0,00      0,00     61,62
02:49:01          3     37,00      1,00      3,00      0,00      0,00     59,00

02:49:01        CPU     %user     %nice   %system   %iowait    %steal     %idle
02:49:02        all     83,08      0,75     14,68      0,00      0,00      1,49
02:49:02          0     65,00      1,00     32,00      0,00      0,00      2,00
02:49:02          1     88,00      0,00     10,00      0,00      0,00      2,00
02:49:02          2     90,20      1,96      6,86      0,00      0,00      0,98
02:49:02          3     89,00      0,00     10,00      0,00      0,00      1,00

02:49:02        CPU     %user     %nice   %system   %iowait    %steal     %idle
02:49:03        all     92,19      1,51      5,04      0,00      0,00      1,26
02:49:03          0     92,08      1,98      4,95      0,00      0,00      0,99
02:49:03          1     93,94      0,00      6,06      0,00      0,00      0,00
02:49:03          2     93,88      1,02      2,04      0,00      0,00      3,06
02:49:03          3     88,89      3,03      7,07      0,00      0,00      1,01

02:49:03        CPU     %user     %nice   %system   %iowait    %steal     %idle
02:49:04        all     90,66      0,76      4,80      0,00      0,00      3,79
02:49:04          0     82,83      3,03      7,07      0,00      0,00      7,07
02:49:04          1     90,91      0,00      6,06      0,00      0,00      3,03
02:49:04          2     93,94      0,00      2,02      0,00      0,00      4,04
02:49:04          3     94,95      0,00      4,04      0,00      0,00      1,01

02:49:04        CPU     %user     %nice   %system   %iowait    %steal     %idle
02:49:05        all     91,23      0,00      5,51      0,00      0,00      3,26
02:49:05          0     88,89      0,00      5,05      0,00      0,00      6,06
02:49:05          1     91,09      0,00      6,93      0,00      0,00      1,98
02:49:05          2     92,93      0,00      4,04      0,00      0,00      3,03
02:49:05          3     92,00      0,00      6,00      0,00      0,00      2,00

02:49:05        CPU     %user     %nice   %system   %iowait    %steal     %idle
02:49:06        all     91,90      0,00      3,80      0,00      0,00      4,30
02:49:06          0     90,91      0,00      2,02      0,00      0,00      7,07
02:49:06          1     89,80      0,00      6,12      0,00      0,00      4,08
02:49:06          2     94,90      0,00      1,02      0,00      0,00      4,08
02:49:06          3     92,00      0,00      6,00      0,00      0,00      2,00

02:49:06        CPU     %user     %nice   %system   %iowait    %steal     %idle
02:49:07        all     85,82      0,25      5,72      0,00      0,00      8,21
02:49:07          0     84,16      0,00      5,94      0,00      0,00      9,90
02:49:07          1     88,00      0,00      6,00      0,00      0,00      6,00
02:49:07          2     88,00      0,00      6,00      0,00      0,00      6,00
02:49:07          3     83,17      0,99      4,95      0,00      0,00     10,89

02:49:07        CPU     %user     %nice   %system   %iowait    %steal     %idle
02:49:08        all     74,43      0,00      4,56      0,00      0,00     21,01
02:49:08          0     75,00      0,00      4,17      0,00      0,00     20,83
02:49:08          1     74,26      0,00      3,96      0,00      0,00     21,78
02:49:08          2     72,73      0,00      5,05      0,00      0,00     22,22
02:49:08          3     75,76      0,00      5,05      0,00      0,00     19,19

02:49:08        CPU     %user     %nice   %system   %iowait    %steal     %idle
02:49:09        all     73,20      0,00      5,96      0,50      0,00     20,35
02:49:09          0     72,55      0,00      4,90      0,00      0,00     22,55
02:49:09          1     70,59      0,00      8,82      0,98      0,00     19,61
02:49:09          2     74,75      0,00      5,05      1,01      0,00     19,19
02:49:09          3     75,00      0,00      5,00      0,00      0,00     20,00

02:49:09        CPU     %user     %nice   %system   %iowait    %steal     %idle
02:49:10        all     76,52      0,25      4,29      0,00      0,00     18,94
02:49:10          0     77,23      0,00      3,96      0,00      0,00     18,81
02:49:10          1     73,74      1,01      5,05      0,00      0,00     20,20
02:49:10          2     81,44      0,00      2,06      0,00      0,00     16,49
02:49:10          3     73,74      0,00      6,06      0,00      0,00     20,20

02:49:10        CPU     %user     %nice   %system   %iowait    %steal     %idle
02:49:11        all     83,00      0,00      5,25      0,00      0,00     11,75
02:49:11          0     85,86      0,00      5,05      0,00      0,00      9,09
02:49:11          1     76,77      0,00      6,06      0,00      0,00     17,17
02:49:11          2     86,27      0,00      2,94      0,00      0,00     10,78
02:49:11          3     83,00      0,00      7,00      0,00      0,00     10,00

02:49:11        CPU     %user     %nice   %system   %iowait    %steal     %idle
02:49:12        all     80,76      0,00      6,58      0,00      0,00     12,66
02:49:12          0     82,65      0,00      6,12      0,00      0,00     11,22
02:49:12          1     78,57      0,00      8,16      0,00      0,00     13,27
02:49:12          2     78,00      0,00      8,00      0,00      0,00     14,00
02:49:12          3     83,84      0,00      4,04      0,00      0,00     12,12

02:49:12        CPU     %user     %nice   %system   %iowait    %steal     %idle
02:49:13        all     83,33      0,00      3,79      0,00      0,00     12,88
02:49:13          0     83,67      0,00      4,08      0,00      0,00     12,24
02:49:13          1     86,73      0,00      2,04      0,00      0,00     11,22
02:49:13          2     83,00      0,00      5,00      0,00      0,00     12,00
02:49:13          3     80,00      0,00      4,00      0,00      0,00     16,00

02:49:13        CPU     %user     %nice   %system   %iowait    %steal     %idle
02:49:14        all     75,31      0,00      5,74      0,00      0,00     18,95
02:49:14          0     71,57      0,00      8,82      0,00      0,00     19,61
02:49:14          1     78,43      0,00      3,92      0,00      0,00     17,65
02:49:14          2     75,76      0,00      3,03      0,00      0,00     21,21
02:49:14          3     75,51      0,00      7,14      0,00      0,00     17,35

02:49:14        CPU     %user     %nice   %system   %iowait    %steal     %idle
02:49:15        all     73,80      0,25      3,78      0,00      0,00     22,17
02:49:15          0     74,23      0,00      4,12      0,00      0,00     21,65
02:49:15          1     73,74      0,00      4,04      0,00      0,00     22,22
02:49:15          2     76,24      0,99      0,99      0,00      0,00     21,78
02:49:15          3     71,00      0,00      6,00      0,00      0,00     23,00

02:49:15        CPU     %user     %nice   %system   %iowait    %steal     %idle
02:49:16        all     72,64      0,00      6,22      0,00      0,00     21,14
02:49:16          0     73,00      0,00      4,00      0,00      0,00     23,00
02:49:16          1     72,28      0,00      6,93      0,00      0,00     20,79
02:49:16          2     73,27      0,00      6,93      0,00      0,00     19,80
02:49:16          3     72,00      0,00      7,00      0,00      0,00     21,00

02:49:16        CPU     %user     %nice   %system   %iowait    %steal     %idle
02:49:17        all     72,84      0,00      4,57      0,00      0,00     22,59
02:49:17          0     71,72      0,00      5,05      0,00      0,00     23,23
02:49:17          1     75,25      0,00      3,96      0,00      0,00     20,79
02:49:17          2     71,88      0,00      4,17      0,00      0,00     23,96
02:49:17          3     72,45      0,00      5,10      0,00      0,00     22,45

02:49:17        CPU     %user     %nice   %system   %iowait    %steal     %idle
02:49:18        all     80,15      0,00      3,77      0,00      0,00     16,08
02:49:18          0     80,81      0,00      3,03      0,00      0,00     16,16
02:49:18          1     76,53      0,00      7,14      0,00      0,00     16,33
02:49:18          2     80,20      0,00      1,98      0,00      0,00     17,82
02:49:18          3     83,00      0,00      3,00      0,00      0,00     14,00

02:49:18        CPU     %user     %nice   %system   %iowait    %steal     %idle
02:49:19        all     85,25      0,00      5,00      0,00      0,00      9,75
02:49:19          0     82,83      0,00      9,09      0,00      0,00      8,08
02:49:19          1     86,14      0,00      2,97      0,00      0,00     10,89
02:49:19          2     86,87      0,00      3,03      0,00      0,00     10,10
02:49:19          3     85,15      0,00      4,95      0,00      0,00      9,90

02:49:19        CPU     %user     %nice   %system   %iowait    %steal     %idle
02:49:20        all     83,71      0,00      4,76      0,00      0,00     11,53
02:49:20          0     85,15      0,00      1,98      0,00      0,00     12,87
02:49:20          1     81,82      0,00      8,08      0,00      0,00     10,10
02:49:20          2     83,17      0,00      4,95      0,00      0,00     11,88
02:49:20          3     84,69      0,00      4,08      0,00      0,00     11,22

02:49:20        CPU     %user     %nice   %system   %iowait    %steal     %idle
02:49:21        all     83,76      0,00      3,55      0,00      0,00     12,69
02:49:21          0     85,00      0,00      5,00      0,00      0,00     10,00
02:49:21          1     85,86      0,00      3,03      0,00      0,00     11,11
02:49:21          2     80,61      0,00      3,06      0,00      0,00     16,33
02:49:21          3     83,51      0,00      3,09      0,00      0,00     13,40

02:49:21        CPU     %user     %nice   %system   %iowait    %steal     %idle
02:49:22        all     72,43      0,00      4,01      0,00      0,00     23,56
02:49:22          0     74,49      0,00      2,04      0,00      0,00     23,47
02:49:22          1     73,53      0,00      3,92      0,00      0,00     22,55
02:49:22          2     70,10      0,00      4,12      0,00      0,00     25,77
02:49:22          3     71,57      0,00      5,88      0,00      0,00     22,55

02:49:22        CPU     %user     %nice   %system   %iowait    %steal     %idle
02:49:23        all     71,89      0,00      6,22      0,00      0,00     21,89
02:49:23          0     71,29      0,00      7,92      0,00      0,00     20,79
02:49:23          1     69,31      0,00      6,93      0,00      0,00     23,76
02:49:23          2     72,00      0,00      6,00      0,00      0,00     22,00
02:49:23          3     75,00      0,00      4,00      0,00      0,00     21,00

02:49:23        CPU     %user     %nice   %system   %iowait    %steal     %idle
02:49:24        all     72,15      0,00      5,32      0,00      0,00     22,53
02:49:24          0     74,49      0,00      4,08      0,00      0,00     21,43
02:49:24          1     73,74      0,00      6,06      0,00      0,00     20,20
02:49:24          2     71,29      0,00      5,94      0,00      0,00     22,77
02:49:24          3     69,07      0,00      5,15      0,00      0,00     25,77

02:49:24        CPU     %user     %nice   %system   %iowait    %steal     %idle
02:49:25        all     70,63      0,00      5,06      0,00      0,00     24,30
02:49:25          0     71,72      0,00      2,02      0,00      0,00     26,26
02:49:25          1     68,00      0,00      8,00      0,00      0,00     24,00
02:49:25          2     72,16      0,00      5,15      0,00      0,00     22,68
02:49:25          3     70,71      0,00      5,05      0,00      0,00     24,24

02:49:25        CPU     %user     %nice   %system   %iowait    %steal     %idle
02:49:26        all     73,74      0,00      4,55      0,00      0,00     21,72
02:49:26          0     68,69      0,00      7,07      0,00      0,00     24,24
02:49:26          1     76,53      0,00      3,06      0,00      0,00     20,41
02:49:26          2     77,55      0,00      3,06      0,00      0,00     19,39
02:49:26          3     72,28      0,00      4,95      0,00      0,00     22,77

02:49:26        CPU     %user     %nice   %system   %iowait    %steal     %idle
02:49:27        all     73,80      0,00      5,29      0,00      0,00     20,91
02:49:27          0     74,49      0,00      4,08      0,00      0,00     21,43
02:49:27          1     74,75      0,00      3,03      0,00      0,00     22,22
02:49:27          2     71,43      0,00      8,16      0,00      0,00     20,41
02:49:27          3     74,51      0,00      5,88      0,00      0,00     19,61

02:49:27        CPU     %user     %nice   %system   %iowait    %steal     %idle
02:49:28        all     73,43      0,00      5,76      0,00      0,00     20,80
02:49:28          0     73,27      0,00      3,96      0,00      0,00     22,77
02:49:28          1     75,00      0,00      7,00      0,00      0,00     18,00
02:49:28          2     74,00      0,00      5,00      0,00      0,00     21,00
02:49:28          3     71,43      0,00      7,14      0,00      0,00     21,43


Średnia:       CPU     %user     %nice   %system   %iowait    %steal     %idle
Średnia:       all     58,82      0,18      4,86      0,10      0,00     36,04
Średnia:         0     53,23      0,30      5,10      0,23      0,00     41,14
Średnia:         1     58,91      0,05      5,34      0,12      0,00     35,59
Średnia:         2     59,54      0,12      4,03      0,02      0,00     36,29
Średnia:         3     63,60      0,26      4,97      0,02      0,00     31,15
