Linux 5.8.6-1-MANJARO (bblaszkow-pc-manjaro) 	22.09.2020 	_x86_64_	(4 CPU)

10:15:28        CPU     %user     %nice   %system   %iowait    %steal     %idle
10:15:33        all     20,27      0,55      6,11      1,45      0,00     71,62
10:15:33          0      9,36      1,20      4,98      2,99      0,00     81,47
10:15:33          1     28,71      0,60      7,23      1,41      0,00     62,05
10:15:33          2     11,11      0,20      5,05      1,01      0,00     82,63
10:15:33          3     31,81      0,20      7,16      0,40      0,00     60,44

10:15:33        CPU     %user     %nice   %system   %iowait    %steal     %idle
10:15:38        all      4,74      0,20      3,59      0,35      0,00     91,13
10:15:38          0      6,31      0,59      4,14      0,00      0,00     88,95
10:15:38          1      3,00      0,20      2,80      0,80      0,00     93,20
10:15:38          2      4,78      0,00      3,19      0,00      0,00     92,03
10:15:38          3      4,83      0,00      4,23      0,60      0,00     90,34

10:15:38        CPU     %user     %nice   %system   %iowait    %steal     %idle
10:15:43        all      0,40      0,00      0,40      0,00      0,00     99,20
10:15:43          0      0,60      0,00      1,20      0,00      0,00     98,20
10:15:43          1      0,20      0,00      0,00      0,00      0,00     99,80
10:15:43          2      0,40      0,00      0,20      0,00      0,00     99,40
10:15:43          3      0,40      0,00      0,20      0,00      0,00     99,40

10:15:43        CPU     %user     %nice   %system   %iowait    %steal     %idle
10:15:48        all     36,66      0,00      4,72      0,10      0,00     58,51
10:15:48          0     41,50      0,00      3,36      0,00      0,00     55,14
10:15:48          1     34,06      0,00      4,36      0,00      0,00     61,58
10:15:48          2     35,49      0,00      3,53      0,39      0,00     60,59
10:15:48          3     35,62      0,00      7,63      0,00      0,00     56,75

10:15:48        CPU     %user     %nice   %system   %iowait    %steal     %idle
10:15:53        all     28,08      0,05      1,55      0,05      0,00     70,27
10:15:53          0     26,75      0,00      0,80      0,20      0,00     72,26
10:15:53          1     29,82      0,20      2,39      0,00      0,00     67,59
10:15:53          2     26,44      0,00      1,19      0,00      0,00     72,37
10:15:53          3     29,32      0,00      1,81      0,00      0,00     68,88

10:15:53        CPU     %user     %nice   %system   %iowait    %steal     %idle
10:15:58        all     30,29      0,00      2,13      0,00      0,00     67,58
10:15:58          0     29,34      0,00      1,60      0,00      0,00     69,06
10:15:58          1     30,45      0,00      3,14      0,00      0,00     66,40
10:15:58          2     29,48      0,00      1,59      0,00      0,00     68,92
10:15:58          3     31,88      0,00      2,18      0,00      0,00     65,94

10:15:58        CPU     %user     %nice   %system   %iowait    %steal     %idle
10:16:03        all     30,07      0,00      2,42      0,05      0,00     67,46
10:16:03          0     31,03      0,00      2,17      0,00      0,00     66,80
10:16:03          1     27,78      0,00      3,37      0,00      0,00     68,85
10:16:03          2     30,65      0,00      2,75      0,00      0,00     66,60
10:16:03          3     30,82      0,00      1,39      0,20      0,00     67,59

10:16:03        CPU     %user     %nice   %system   %iowait    %steal     %idle
10:16:08        all     28,26      0,00      2,47      0,05      0,00     69,22
10:16:08          0     29,82      0,00      2,19      0,00      0,00     67,99
10:16:08          1     27,63      0,00      4,09      0,19      0,00     68,09
10:16:08          2     27,89      0,00      1,39      0,00      0,00     70,72
10:16:08          3     27,72      0,00      2,18      0,00      0,00     70,10

10:16:08        CPU     %user     %nice   %system   %iowait    %steal     %idle
10:16:13        all     23,20      0,00      2,22      0,00      0,00     74,58
10:16:13          0     21,63      0,00      2,78      0,00      0,00     75,60
10:16:13          1     23,09      0,00      2,01      0,00      0,00     74,90
10:16:13          2     24,71      0,00      1,75      0,00      0,00     73,54
10:16:13          3     23,33      0,00      2,35      0,00      0,00     74,31

10:16:13        CPU     %user     %nice   %system   %iowait    %steal     %idle
10:16:18        all      0,95      0,00      0,10      0,00      0,00     98,95
10:16:18          0      0,60      0,00      0,20      0,00      0,00     99,20
10:16:18          1      0,80      0,00      0,00      0,00      0,00     99,20
10:16:18          2      1,00      0,00      0,20      0,00      0,00     98,80
10:16:18          3      1,39      0,00      0,00      0,00      0,00     98,61



Średnia:       CPU     %user     %nice   %system   %iowait    %steal     %idle
Średnia:       all     20,35      0,08      2,57      0,20      0,00     76,79
Średnia:         0     19,72      0,18      2,35      0,32      0,00     77,44
Średnia:         1     20,63      0,10      2,94      0,24      0,00     76,08
Średnia:         2     19,29      0,02      2,09      0,14      0,00     78,46
Średnia:         3     21,77      0,02      2,92      0,12      0,00     75,17
