sh: clang-format: nie znaleziono polecenia
Bundlex: Building natives: ocv
:norm
"stream"
"stream"
"stream"
"stream"
"stream"
"stream"
21
25
22
27
20
96
124
41
100
54
20
43
46
70
35
44
38
70
41
27
22
41
41
45
41
62
30
57
53
43
20
56
42
31
42
65
64
42
41
27
38
32
32
33
45
54
33
28
50
29
52
16
35
46
66
28
64
50
61
32
65
32
34
41
54
32
43
44
60
19
36
45
52
34
27
42
42
41
21
39
37
51
38
35
28
35
38
61
58
39
41
18
42
38
26
48
33
27
24
28
22
56
37
58
50
46
29
20
23
37
50
35
12
25
21
22
52
24
32
21
20
34
26
28
40
21
28
18
38
11
26
26
25
19
42
40
42
36
57
33
26
35
42
42
39
38
41
32
54
39
49
26
43
52
21
45
38
40
53
28
32
48
39
41
39
41
45
27
37
47
46
30
59
29
35
50
48
18
45
46
39
45
46
33
48
50
32
30
35
43
38
57
24
40
38
50
44
26
48
40
33
44
34
42
39
43
30
54
33
43
26
43
42
63
40
30
31
61
36
37
30
54
26
47
33
48
41
39
39
45
26
42
48
35
38
54
26
35
64
51
37
16
33
50
53
24
50
45
29
50
42
30
34
40
30
58
46
35
50
31
32
55
25
50
36
33
32
54
21
51
37
54
26
35
46
42
37
48
35
47
32
34
65
20
35
52
30
42
29
43
43
57
40
49
27
46
35
29
48
29
74
24
34
26
55
39
44
44
23
31
43
66
41
22
45
40
46
31
50
47
36
27
41
26
48
50
45
39
35
33
31
38
56
31
56
25
42
59
21
46
21
43
47
50
32
38
49
22
50
33
55
23
49
48
24
62
34
45
28
48
29
46
28
42
47
45
35
44
36
45
27
55
31
41
40
40
40
43
27
55
37
39
31
51
32
50
28
52
45
55
29
21
55
48
24
40
42
38
44
37
47
42
35
35
51
38
25
54
29
41
32
58
45
17
51
44
26
61
31
31
50
43
54
16
64
33
50
36
24
42
32
52
49
42
21
48
40
44
30
38
44
39
48
33
45
38
38
40
35
44
45
43
29
31
52
26
52
35
49
39
21
82
28
23
49
22
50
45
51
37
32
32
39
40
63
29
31
41
57
23
48
45
19
53
31
65
33
18
52
31
45
42
44
46
32
52
28
54
30
29
45
52
24
57
28
30
53
53
24
40
40
42
33
43
33
52
36
44
49
36
23
58
35
34
38
34
49
29
44
50
30
49
29
40
57
33
31
42
47
44
34
33
46
53
18
58
29
58
15
43
40
48
33
56
19
44
41
38
40
48
43
29
42
36
51
30
39
40
39
42
44
36
59
30
31
38
42
54
34
41
32
42
46
32
46
41
43
27
43
47
30
51
59
42
23
25
39
60
34
46
30
41
29
52
55
34
39
32
45
29
34
51
33
50
36
34
50
55
23
42
31
52
28
52
30
37
53
43
31
38
33
51
38
51
26
60
17
45
40
40
34
56
43
32
41
36
56
56
21
20
50
29
59
29
33
40
43
44
57
35
30
46
32
43
37
39
46
33
44
28
52
35
45
43
29
38
50
48
42
34
38
36
41
40
40
31
47
56
27
42
58
20
26
44
37
54
44
29
53
30
44
[85, 115, 116, 97, 119, 105, 97, 110, 105, 101, 32, 112, 111, 116, 111, 107,
 117, 32, 110, 97, 32, 80, 65, 85, 90, 79, 87, 65, 78, 73, 69, 46, 46, 46, 10,
 80, 111, 116, 111, 107, 32, 106, 101, 115, 116, 32, 80, 82, 90, 69, ...]
[85, 115, 116, 97, 119, 105, 97, 110, 105, 101, 32, 112, 111, 116, 111, 107,
 117, 32, 110, 97, 32, 80, 65, 85, 90, 79, 87, 65, 78, 73, 69, 46, 46, 46, 10,
 80, 111, 116, 111, 107, 32, 106, 101, 115, 116, 32, 80, 82, 90, 69, ...]
[85, 115, 116, 97, 119, 105, 97, 110, 105, 101, 32, 112, 111, 116, 111, 107,
 117, 32, 110, 97, 32, 80, 65, 85, 90, 79, 87, 65, 78, 73, 69, 46, 46, 46, 10,
 80, 111, 116, 111, 107, 32, 106, 101, 115, 116, 32, 80, 82, 90, 69, ...]
45
21
[85, 115, 116, 97, 119, 105, 97, 110, 105, 101, 32, 112, 111, 116, 111, 107,
 117, 32, 110, 97, 32, 80, 65, 85, 90, 79, 87, 65, 78, 73, 69, 46, 46, 46, 10,
 80, 111, 116, 111, 107, 32, 106, 101, 115, 116, 32, 80, 82, 90, 69, ...]
[85, 115, 116, 97, 119, 105, 97, 110, 105, 101, 32, 112, 111, 116, 111, 107,
 117, 32, 110, 97, 32, 80, 65, 85, 90, 79, 87, 65, 78, 73, 69, 46, 46, 46, 10,
 80, 111, 116, 111, 107, 32, 106, 101, 115, 116, 32, 80, 82, 90, 69, ...]
[85, 115, 116, 97, 119, 105, 97, 110, 105, 101, 32, 112, 111, 116, 111, 107,
 117, 32, 110, 97, 32, 80, 65, 85, 90, 79, 87, 65, 78, 73, 69, 46, 46, 46, 10,
 80, 111, 116, 111, 107, 32, 106, 101, 115, 116, 32, 80, 82, 90, 69, ...]
