sh: clang-format: nie znaleziono polecenia
Bundlex: Building natives: ocv
:dist
:register
:register
"stream"
"stream"
17
22
27
18
14
27
47
36
46
38
36
48
36
37
41
36
46
31
43
40
41
38
40
40
44
37
42
37
41
40
44
36
39
41
42
42
38
38
42
40
42
40
39
44
37
39
40
40
40
43
36
41
37
40
43
38
40
42
40
41
36
44
37
46
42
46
31
39
37
42
39
40
41
38
42
40
39
37
43
41
39
40
37
48
35
38
42
41
40
39
42
36
41
42
38
38
42
42
39
38
41
40
39
41
39
40
42
37
41
41
39
36
46
36
42
40
42
37
41
39
44
37
40
41
41
38
42
38
42
38
42
39
41
37
43
39
42
36
44
39
40
40
42
39
42
39
38
41
38
43
42
37
38
44
38
40
40
41
39
40
39
42
38
39
42
38
43
35
44
38
42
39
40
43
34
44
42
38
41
38
40
40
38
44
40
39
38
39
41
41
37
45
39
37
44
40
36
43
40
43
37
40
39
41
41
40
36
41
41
41
38
42
41
39
43
36
43
39
41
36
43
43
39
36
41
41
37
42
41
39
39
39
43
39
42
42
38
39
42
35
45
38
40
37
43
40
45
37
38
42
41
39
36
42
39
40
44
37
40
41
38
43
34
43
40
44
38
39
39
41
41
39
42
38
40
40
37
44
38
42
39
40
40
42
38
39
42
39
41
40
39
39
41
39
43
38
39
37
44
39
40
37
44
40
41
40
38
40
42
40
39
40
41
34
45
38
38
42
40
38
45
36
39
42
39
39
41
39
39
42
37
42
38
41
37
45
38
38
40
41
40
37
44
39
39
42
38
41
38
42
37
43
40
37
44
38
39
40
41
41
39
39
40
40
38
41
39
43
40
40
37
40
40
43
41
38
41
39
40
42
37
42
38
41
37
39
44
36
41
42
40
40
40
41
37
43
36
44
40
39
41
41
38
41
40
41
39
43
38
42
39
36
40
40
44
36
41
40
39
42
39
41
38
43
40
40
38
42
41
39
42
38
38
41
42
40
39
40
39
40
43
34
45
38
44
36
41
41
35
46
37
39
38
44
40
41
37
41
40
41
40
40
41
41
38
41
39
38
42
39
39
40
36
43
40
43
37
38
43
40
42
38
42
38
35
47
39
40
39
40
38
44
36
37
42
41
40
40
39
41
39
42
38
40
39
41
39
39
36
44
42
40
38
41
40
41
39
41
40
37
42
40
41
40
39
41
40
38
40
40
41
40
39
40
39
42
40
37
45
38
40
36
44
40
36
44
38
42
38
42
41
39
41
37
42
41
39
37
42
40
43
38
39
41
41
38
42
40
37
43
40
40
39
38
38
43
41
39
40
40
41
36
44
39
40
38
43
37
43
41
39
41
40
41
39
39
41
40
41
39
40
40
39
41
37
39
40
40
44
40
40
38
41
41
39
38
43
39
40
38
42
40
40
37
42
41
39
41
40
37
44
36
40
42
40
40
37
43
41
39
40
40
40
38
43
39
38
43
40
37
40
43
38
43
39
37
42
41
41
39
37
43
40
40
36
42
42
38
41
37
43
40
39
43
39
38
41
40
40
37
44
39
36
40
40
43
39
42
37
40
42
40
38
43
39
41
39
42
38
42
39
[85, 115, 116, 97, 119, 105, 97, 110, 105, 101, 32, 112, 111, 116, 111, 107,
 117, 32, 110, 97, 32, 80, 65, 85, 90, 79, 87, 65, 78, 73, 69, 46, 46, 46, 10,
 80, 111, 116, 111, 107, 32, 106, 101, 115, 116, 32, 80, 82, 90, 69, ...]
41
[85, 115, 116, 97, 119, 105, 97, 110, 105, 101, 32, 112, 111, 116, 111, 107,
 117, 32, 110, 97, 32, 80, 65, 85, 90, 79, 87, 65, 78, 73, 69, 46, 46, 46, 10,
 80, 111, 116, 111, 107, 32, 106, 101, 115, 116, 32, 80, 82, 90, 69, ...]
