sh: clang-format: nie znaleziono polecenia
Bundlex: Building natives: ocv
:dist
:register
:register
:register
"stream"
"stream"
"stream"
28
29
28
32
17
38
31
33
19
33
41
47
39
35
46
40
33
46
39
32
45
32
35
41
43
38
42
40
35
44
40
41
41
38
41
40
40
41
40
45
35
42
38
40
37
44
36
44
39
44
38
40
38
41
38
38
42
42
36
40
42
37
44
36
44
38
39
41
43
41
39
39
39
43
38
40
39
39
38
44
36
42
40
42
37
41
42
39
43
41
40
37
42
36
45
40
40
33
43
41
40
37
43
32
44
38
40
37
43
41
42
37
39
42
46
35
42
38
40
42
39
40
39
42
34
42
40
41
37
44
35
45
38
41
40
36
42
33
52
39
37
43
35
42
37
44
43
35
42
41
34
43
43
34
47
36
42
39
42
38
41
41
38
32
45
40
44
34
45
38
39
44
37
43
39
39
42
36
43
37
44
36
41
42
39
40
37
43
42
36
36
40
40
45
37
45
40
39
39
41
39
43
39
39
41
35
44
38
35
43
39
37
44
42
43
42
38
40
40
38
42
37
36
40
46
35
49
35
39
44
35
45
38
46
36
45
29
45
41
41
38
37
43
41
37
42
38
38
46
38
42
39
41
40
40
42
38
40
40
37
44
39
37
45
40
40
40
37
39
41
43
36
41
37
40
42
36
44
42
36
41
41
44
35
43
42
33
46
39
40
41
37
40
36
48
36
45
36
43
39
38
43
38
41
38
43
40
41
37
42
40
40
38
41
40
38
45
39
36
43
38
44
38
36
43
39
41
40
40
44
37
39
41
40
44
39
32
44
36
44
40
38
42
38
43
39
43
38
40
39
43
39
38
36
38
42
38
45
41
36
43
40
41
35
43
42
35
41
39
46
37
42
41
39
39
39
46
36
42
35
44
37
42
39
39
41
41
38
42
40
41
39
37
44
42
37
42
36
44
39
38
43
36
41
38
41
42
39
37
45
37
42
34
46
38
44
32
43
40
44
41
44
36
38
39
43
47
35
37
44
43
39
37
39
42
39
42
40
34
44
42
39
38
41
41
38
41
38
37
45
42
36
42
40
41
40
32
48
39
41
38
35
47
39
40
40
40
41
40
40
38
47
34
35
43
41
43
37
39
41
39
33
50
38
42
42
39
40
37
41
39
49
36
37
36
46
45
33
44
39
40
35
39
42
42
43
39
38
38
41
40
38
42
38
42
37
41
40
41
44
33
45
35
43
41
40
40
39
39
39
41
43
37
39
39
38
44
39
41
36
43
42
39
42
38
40
35
43
39
41
42
38
44
38
41
35
43
39
42
40
39
39
39
40
44
37
40
39
45
37
40
36
48
33
43
34
43
44
41
38
39
41
37
45
37
39
42
39
37
43
43
37
42
37
38
42
43
35
44
32
47
42
41
36
39
40
44
36
36
40
40
42
37
43
40
43
42
37
36
41
42
40
42
38
34
43
43
40
38
46
38
36
44
38
42
38
38
39
43
40
44
40
38
38
44
37
43
37
41
38
41
39
43
35
45
37
38
43
39
39
40
40
44
35
44
39
42
41
36
40
41
40
44
37
36
42
43
32
49
35
42
37
42
38
41
40
42
39
40
35
40
44
46
34
39
38
40
42
38
45
37
[85, 115, 116, 97, 119, 105, 97, 110, 105, 101, 32, 112, 111, 116, 111, 107,
 117, 32, 110, 97, 32, 80, 65, 85, 90, 79, 87, 65, 78, 73, 69, 46, 46, 46, 10,
 80, 111, 116, 111, 107, 32, 106, 101, 115, 116, 32, 80, 82, 90, 69, ...]
[85, 115, 116, 97, 119, 105, 97, 110, 105, 101, 32, 112, 111, 116, 111, 107,
 117, 32, 110, 97, 32, 80, 65, 85, 90, 79, 87, 65, 78, 73, 69, 46, 46, 46, 10,
 80, 111, 116, 111, 107, 32, 106, 101, 115, 116, 32, 80, 82, 90, 69, ...]
42
[85, 115, 116, 97, 119, 105, 97, 110, 105, 101, 32, 112, 111, 116, 111, 107,
 117, 32, 110, 97, 32, 80, 65, 85, 90, 79, 87, 65, 78, 73, 69, 46, 46, 46, 10,
 80, 111, 116, 111, 107, 32, 106, 101, 115, 116, 32, 80, 82, 90, 69, ...]
