sh: clang-format: nie znaleziono polecenia
Bundlex: Building natives: ocv
:dist
:register
:register
:register
:register
"stream"
"stream"
"stream"
"stream"
"stream"
62
105
173
151
126
141
114
109
137
123
110
92
72
119
93
77
93
101
92
98
114
132
116
116
113
104
119
100
104
102
92
94
98
120
136
74
89
83
66
78
84
150
96
87
86
83
74
66
33
30
113
114
100
90
74
32
27
33
29
29
96
101
84
89
85
32
31
31
33
31
69
67
94
80
83
64
32
27
25
34
71
124
80
75
67
34
32
27
29
31
65
85
130
92
63
35
32
28
28
33
93
107
90
93
47
27
25
26
23
26
70
96
82
76
77
47
25
23
23
28
79
109
82
78
73
24
22
26
27
25
73
91
85
65
86
33
25
25
27
36
78
80
74
67
83
49
35
26
26
25
97
84
88
65
84
28
23
25
28
26
88
95
61
88
67
41
30
26
23
27
94
120
80
76
59
25
25
24
24
27
77
107
78
115
47
28
25
24
28
27
81
86
65
100
91
42
25
25
24
28
99
106
60
91
76
33
24
22
28
28
116
50
78
68
69
67
43
24
23
24
97
94
81
71
84
38
23
25
26
30
93
100
99
95
66
27
28
25
26
29
86
97
83
89
77
61
28
26
26
30
71
98
84
82
96
51
27
26
28
29
97
94
79
83
71
48
27
30
29
34
92
93
97
93
77
24
27
28
25
30
83
99
82
81
64
39
28
28
26
29
87
119
78
73
41
36
30
28
28
31
92
72
87
83
56
32
35
29
29
35
104
111
85
69
52
25
26
29
26
30
88
86
97
64
73
30
32
29
24
26
86
66
82
75
74
44
23
24
24
26
76
90
71
81
68
39
23
23
22
24
82
83
73
52
75
63
22
26
22
27
81
113
76
76
46
30
29
26
25
27
81
87
82
86
65
23
28
23
23
28
100
114
78
67
63
33
23
25
24
28
77
96
83
102
66
43
22
23
27
27
87
83
71
54
80
70
38
26
21
25
85
91
75
85
73
39
22
23
25
25
90
63
81
111
71
47
30
28
28
30
96
93
76
81
80
41
33
25
25
30
90
92
77
86
70
56
27
26
25
27
93
106
94
71
[85, 115, 116, 97, 119, 105, 97, 110, 105, 101, 32, 112, 111, 116, 111, 107,
 117, 32, 110, 97, 32, 80, 65, 85, 90, 79, 87, 65, 78, 73, 69, 46, 46, 46, 10,
 80, 111, 116, 111, 107, 32, 106, 101, 115, 116, 32, 80, 82, 90, 69, ...]
