sh: clang-format: nie znaleziono polecenia
Bundlex: Building natives: ocv
:norm
"stream"
"stream"
"stream"
"stream"
"stream"
"stream"
"stream"
29
5
27
29
76
44
64
133
64
100
104
112
76
51
64
36
46
44
41
82
57
34
47
32
50
48
69
44
50
56
21
34
45
45
40
32
25
44
57
54
50
45
38
37
43
51
66
78
75
75
52
43
64
47
49
49
53
46
32
55
53
45
58
134
39
45
43
43
52
58
29
54
35
60
63
43
38
69
38
58
64
48
33
70
35
55
51
30
34
26
91
49
85
48
42
29
86
31
29
35
59
58
51
41
35
45
29
48
25
27
28
22
37
45
32
30
43
26
31
31
29
26
31
48
28
41
26
27
55
33
42
18
31
58
31
20
40
48
21
52
50
48
24
54
29
28
39
46
23
26
39
38
29
27
31
54
52
50
50
28
36
42
41
27
47
45
31
26
44
43
31
52
39
55
66
33
52
23
65
36
52
30
32
39
40
61
47
56
51
15
46
31
39
46
37
67
35
33
29
37
25
34
31
35
33
25
28
25
32
42
33
38
38
23
39
50
41
25
30
38
18
43
45
35
36
25
42
41
45
65
44
48
36
31
50
30
19
24
24
48
46
26
63
33
22
41
36
34
29
21
48
49
57
34
53
27
54
33
31
30
60
48
43
27
34
64
57
51
55
31
25
35
47
25
34
55
52
66
42
23
31
59
29
53
32
26
33
32
47
29
54
56
50
56
50
28
26
31
38
47
45
35
55
39
49
31
57
51
89
35
27
57
59
82
68
42
34
32
28
47
51
27
49
25
51
47
30
52
33
23
29
37
34
27
55
50
30
22
42
46
52
31
40
38
36
34
47
41
39
25
32
39
30
25
43
43
40
44
28
41
27
23
21
41
52
40
38
56
42
57
34
32
37
45
39
24
44
40
54
16
28
23
26
34
59
29
46
39
24
44
38
35
60
46
48
21
64
31
43
14
65
47
42
24
52
39
30
40
26
23
31
22
27
35
25
30
40
45
44
77
42
38
35
37
44
30
44
53
47
55
33
29
62
61
91
34
32
53
37
23
59
52
41
53
31
35
44
67
51
35
34
39
47
32
44
53
50
38
31
28
59
40
21
25
59
51
40
51
45
36
56
69
41
50
59
53
43
70
47
28
48
61
39
26
50
54
27
69
32
47
25
41
42
49
30
41
22
66
37
47
75
27
66
64
61
30
32
66
18
24
51
27
26
23
31
47
60
39
46
30
33
45
34
30
24
25
39
45
28
23
46
37
27
45
27
59
27
30
25
37
22
20
48
30
49
45
26
54
45
29
30
29
24
64
25
34
42
29
22
58
50
25
44
38
44
39
23
58
29
27
50
27
41
42
25
49
27
30
36
29
37
38
40
25
60
21
59
45
43
27
52
36
37
42
61
29
29
42
52
24
36
37
44
45
24
20
18
35
30
40
26
38
24
36
39
46
45
22
42
51
36
31
27
39
28
41
42
32
30
39
34
34
43
31
38
34
50
30
37
43
40
27
34
33
33
29
22
48
33
20
44
37
45
24
20
26
29
22
51
21
36
32
27
46
16
27
25
32
38
19
31
29
42
30
25
44
34
53
67
43
46
21
49
23
[85, 115, 116, 97, 119, 105, 97, 110, 105, 101, 32, 112, 111, 116, 111, 107,
 117, 32, 110, 97, 32, 80, 65, 85, 90, 79, 87, 65, 78, 73, 69, 46, 46, 46, 10,
 80, 111, 116, 111, 107, 32, 106, 101, 115, 116, 32, 80, 82, 90, 69, ...]
[85, 115, 116, 97, 119, 105, 97, 110, 105, 101, 32, 112, 111, 116, 111, 107,
 117, 32, 110, 97, 32, 80, 65, 85, 90, 79, 87, 65, 78, 73, 69, 46, 46, 46, 10,
 80, 111, 116, 111, 107, 32, 106, 101, 115, 116, 32, 80, 82, 90, 69, ...]
[85, 115, 116, 97, 119, 105, 97, 110, 105, 101, 32, 112, 111, 116, 111, 107,
 117, 32, 110, 97, 32, 80, 65, 85, 90, 79, 87, 65, 78, 73, 69, 46, 46, 46, 10,
 80, 111, 116, 111, 107, 32, 106, 101, 115, 116, 32, 80, 82, 90, 69, ...]
[85, 115, 116, 97, 119, 105, 97, 110, 105, 101, 32, 112, 111, 116, 111, 107,
 117, 32, 110, 97, 32, 80, 65, 85, 90, 79, 87, 65, 78, 73, 69, 46, 46, 46, 10,
 80, 111, 116, 111, 107, 32, 106, 101, 115, 116, 32, 80, 82, 90, 69, ...]
53
37
18
22
18
38
21
16
17
17
23
34
31
27
20
22
18
28
27
[85, 115, 116, 97, 119, 105, 97, 110, 105, 101, 32, 112, 111, 116, 111, 107,
 117, 32, 110, 97, 32, 80, 65, 85, 90, 79, 87, 65, 78, 73, 69, 46, 46, 46, 10,
 80, 111, 116, 111, 107, 32, 106, 101, 115, 116, 32, 80, 82, 90, 69, ...]
[85, 115, 116, 97, 119, 105, 97, 110, 105, 101, 32, 112, 111, 116, 111, 107,
 117, 32, 110, 97, 32, 80, 65, 85, 90, 79, 87, 65, 78, 73, 69, 46, 46, 46, 10,
 80, 111, 116, 111, 107, 32, 106, 101, 115, 116, 32, 80, 82, 90, 69, ...]
[85, 115, 116, 97, 119, 105, 97, 110, 105, 101, 32, 112, 111, 116, 111, 107,
 117, 32, 110, 97, 32, 80, 65, 85, 90, 79, 87, 65, 78, 73, 69, 46, 46, 46, 10,
 80, 111, 116, 111, 107, 32, 106, 101, 115, 116, 32, 80, 82, 90, 69, ...]
