sh: clang-format: nie znaleziono polecenia
Bundlex: Building natives: ocv
:norm
"stream"
"stream"
"stream"
27
51
36
37
119
131
76
38
25
65
118
46
46
45
26
23
22
67
43
44
48
50
47
47
47
46
45
52
51
51
48
47
46
46
50
82
50
62
22
43
46
43
43
78
49
20
23
34
33
30
26
26
21
26
49
20
18
28
18
20
25
22
20
25
31
32
24
28
32
25
27
47
68
27
22
28
29
25
28
27
27
36
58
47
48
49
49
46
46
23
24
29
29
27
27
40
44
58
61
44
46
18
22
23
39
39
72
25
18
21
36
40
38
16
24
19
23
21
32
23
37
36
36
40
39
37
38
20
59
48
34
39
17
61
52
37
40
37
36
43
18
45
72
37
36
42
44
46
16
39
25
42
32
45
45
37
42
39
53
40
22
46
68
45
36
36
38
42
40
41
37
37
50
44
13
47
39
40
41
24
55
52
47
17
26
37
40
44
71
44
36
36
35
36
19
43
43
75
35
44
46
14
40
19
61
33
47
39
41
69
34
14
44
17
46
42
33
44
58
20
41
39
58
33
50
23
41
38
36
44
40
63
42
44
41
44
40
41
41
43
40
41
41
41
30
35
35
35
52
41
52
14
53
44
42
41
42
41
41
41
42
41
23
41
41
41
45
41
16
34
41
56
46
50
40
41
41
41
42
40
41
20
17
46
36
43
36
44
40
37
39
41
36
45
44
40
35
45
36
42
62
49
41
41
41
42
14
67
18
22
47
39
39
37
42
39
35
50
50
18
61
25
36
46
62
34
46
34
38
29
49
40
50
34
39
18
58
42
40
38
40
40
41
39
29
75
17
46
34
26
41
75
15
30
52
64
35
36
36
34
38
40
21
70
40
38
37
22
50
40
39
27
31
48
38
56
28
35
40
44
53
42
57
34
36
35
37
45
49
34
33
39
42
50
34
37
37
20
59
20
60
24
37
59
40
41
39
21
40
71
35
38
37
25
55
21
45
40
54
41
42
23
49
32
41
42
43
38
35
49
35
40
39
37
44
36
47
37
41
37
42
37
43
43
36
42
33
45
38
36
73
44
45
50
21
18
27
92
29
21
25
55
46
42
41
42
43
41
42
16
76
24
24
42
56
42
41
40
41
40
40
41
40
40
42
13
50
46
48
52
21
23
28
59
22
45
64
41
17
34
57
19
50
70
42
39
40
14
43
57
39
36
35
34
38
22
56
20
46
42
50
23
57
40
27
34
46
53
41
59
14
50
46
35
59
36
37
35
36
15
41
51
35
36
37
59
22
62
39
47
34
55
14
30
56
40
50
34
21
38
41
35
44
57
20
63
38
27
54
25
54
28
41
50
40
41
23
57
40
49
36
27
48
41
39
43
18
64
36
41
39
28
32
60
40
25
57
26
40
40
52
42
27
52
40
22
59
40
42
38
41
38
27
55
40
41
20
60
42
38
45
21
39
74
34
35
37
15
41
50
31
59
40
42
20
40
59
41
57
48
35
37
35
53
15
56
37
36
35
26
52
42
38
55
37
45
45
12
26
48
54
19
59
49
46
37
35
36
38
40
38
25
37
67
39
47
36
36
34
24
40
40
55
26
55
42
40
18
46
37
44
34
41
57
29
29
80
36
37
35
35
[85, 115, 116, 97, 119, 105, 97, 110, 105, 101, 32, 112, 111, 116, 111, 107,
 117, 32, 110, 97, 32, 80, 65, 85, 90, 79, 87, 65, 78, 73, 69, 46, 46, 46, 10,
 80, 111, 116, 111, 107, 32, 106, 101, 115, 116, 32, 80, 82, 90, 69, ...]
