sh: clang-format: nie znaleziono polecenia
Bundlex: Building natives: ocv
:dist
:register
:register
:register
:register
"stream"
"stream"
"stream"
"stream"
17
29
43
31
35
34
41
36
34
42
46
48
45
40
51
37
41
47
30
28
43
25
28
30
28
34
29
42
42
31
45
44
39
40
41
38
43
35
47
40
34
47
38
38
36
46
38
43
35
33
50
36
41
39
42
45
38
34
35
44
43
44
31
47
37
39
45
42
44
39
43
33
36
40
44
36
41
48
24
42
49
42
29
35
52
38
36
52
50
29
30
40
40
43
43
38
42
35
37
35
40
48
44
31
48
40
40
38
40
40
39
44
32
43
42
32
43
41
39
42
41
32
49
41
35
43
37
43
41
40
41
34
45
41
43
30
45
40
32
48
38
37
44
37
38
44
42
36
38
43
40
38
42
35
48
40
39
35
41
35
44
34
42
40
39
48
43
39
36
40
45
36
43
39
36
44
40
42
40
36
43
33
46
38
43
32
45
42
29
49
40
37
44
44
37
35
44
40
36
39
46
36
41
42
39
39
43
41
33
44
40
36
42
42
39
40
40
41
36
43
40
41
39
30
49
46
38
36
40
44
38
39
43
37
44
34
38
38
49
38
38
43
44
25
41
39
54
25
50
29
42
52
33
50
36
40
43
32
42
38
40
32
42
38
47
37
43
43
43
44
26
39
46
42
46
32
47
34
50
36
37
45
35
42
29
48
41
40
57
30
39
38
40
40
41
35
42
39
34
39
40
45
41
39
41
41
36
41
38
41
44
40
45
33
40
38
41
41
35
43
37
36
48
39
33
53
35
40
31
47
35
42
44
41
37
44
42
41
34
43
36
36
42
38
39
44
35
48
37
31
43
44
42
41
40
36
37
48
37
39
43
40
39
44
37
41
38
42
39
40
41
32
47
37
40
39
45
41
39
33
46
43
38
37
39
46
31
41
47
42
34
42
43
37
42
39
32
47
40
41
38
38
46
39
38
39
39
42
35
45
38
43
44
26
48
46
35
36
46
40
41
41
41
27
44
41
45
38
42
39
42
41
39
37
37
46
40
38
41
32
42
43
31
52
44
38
37
42
43
29
44
46
34
37
46
40
40
44
36
28
47
36
45
43
43
39
38
40
39
41
40
41
40
37
42
38
45
31
44
39
44
38
41
40
40
40
45
23
50
43
39
41
24
44
49
43
39
43
37
35
45
33
50
39
30
48
39
41
36
44
41
39
35
44
46
33
38
43
35
42
49
33
39
42
32
41
45
39
37
35
42
36
50
41
41
39
38
42
36
43
38
39
37
45
44
30
47
42
38
42
38
40
42
32
43
42
39
42
40
42
33
38
50
36
38
44
38
39
44
39
42
38
33
39
46
40
44
40
40
38
29
51
38
41
42
38
41
40
39
40
34
39
47
39
39
40
39
30
40
45
45
32
50
37
39
42
40
40
42
31
47
41
38
40
45
37
40
44
35
43
38
35
43
33
37
47
46
39
39
40
47
31
37
42
40
39
39
45
41
39
40
33
49
36
44
33
42
37
41
43
41
38
44
41
38
41
43
26
39
48
39
38
49
37
38
42
41
39
45
29
41
46
39
37
44
42
39
41
40
39
40
42
37
40
39
41
39
48
37
35
47
39
36
40
39
37
43
44
37
34
43
[85, 115, 116, 97, 119, 105, 97, 110, 105, 101, 32, 112, 111, 116, 111, 107,
 117, 32, 110, 97, 32, 80, 65, 85, 90, 79, 87, 65, 78, 73, 69, 46, 46, 46, 10,
 80, 111, 116, 111, 107, 32, 106, 101, 115, 116, 32, 80, 82, 90, 69, ...]
[85, 115, 116, 97, 119, 105, 97, 110, 105, 101, 32, 112, 111, 116, 111, 107,
 117, 32, 110, 97, 32, 80, 65, 85, 90, 79, 87, 65, 78, 73, 69, 46, 46, 46, 10,
 80, 111, 116, 111, 107, 32, 106, 101, 115, 116, 32, 80, 82, 90, 69, ...]
49
25
40
39
[85, 115, 116, 97, 119, 105, 97, 110, 105, 101, 32, 112, 111, 116, 111, 107,
 117, 32, 110, 97, 32, 80, 65, 85, 90, 79, 87, 65, 78, 73, 69, 46, 46, 46, 10,
 80, 111, 116, 111, 107, 32, 106, 101, 115, 116, 32, 80, 82, 90, 69, ...]
[85, 115, 116, 97, 119, 105, 97, 110, 105, 101, 32, 112, 111, 116, 111, 107,
 117, 32, 110, 97, 32, 80, 65, 85, 90, 79, 87, 65, 78, 73, 69, 46, 46, 46, 10,
 80, 111, 116, 111, 107, 32, 106, 101, 115, 116, 32, 80, 82, 90, 69, ...]
