sh: clang-format: nie znaleziono polecenia
Bundlex: Building natives: ocv
:norm
"stream"
"stream"
"stream"
"stream"
"stream"
35
37
37
65
69
172
145
160
48
55
79
68
144
51
42
24
57
37
55
75
65
44
111
52
48
72
57
58
49
69
53
48
96
47
99
74
98
56
55
60
63
45
89
49
107
30
169
69
47
58
76
44
48
108
35
72
75
92
44
81
98
35
49
56
76
58
52
53
75
35
100
57
55
36
72
78
89
91
53
70
59
92
40
40
94
63
72
81
27
54
82
58
88
94
46
60
96
32
56
80
46
103
29
94
61
62
54
85
89
30
51
48
36
57
45
80
79
21
58
40
64
35
37
47
39
49
29
66
20
58
71
37
85
93
19
76
23
65
34
97
50
52
50
36
44
43
87
37
44
44
95
38
49
34
76
72
39
48
79
22
37
70
101
81
20
72
33
63
40
46
70
52
33
39
48
36
65
26
43
38
48
33
66
27
57
29
73
29
62
22
82
25
47
33
61
35
65
27
88
47
20
28
40
19
44
76
48
66
20
52
78
25
34
41
19
65
31
62
27
57
14
64
68
28
42
65
43
48
66
39
34
71
44
82
66
48
45
19
70
26
71
92
40
46
48
52
46
95
37
64
30
45
49
45
97
80
54
38
67
31
90
65
54
27
67
51
60
54
28
48
72
27
45
74
78
84
35
51
28
77
25
76
32
71
44
68
46
66
75
61
54
62
32
73
75
50
47
102
76
69
56
40
51
74
87
47
57
41
80
53
35
79
49
98
38
43
74
39
72
42
86
70
40
54
23
39
72
71
65
45
45
34
14
83
27
34
25
63
25
69
27
78
71
20
55
32
58
27
74
32
46
45
47
89
23
51
45
53
74
68
53
36
39
25
72
44
64
32
40
38
44
43
89
36
46
63
51
84
33
83
34
50
29
55
39
71
21
48
76
44
48
81
42
84
47
45
71
51
31
55
29
42
49
46
44
34
71
34
59
39
40
72
70
71
58
22
34
55
49
41
48
97
57
36
45
37
71
47
40
54
85
96
33
78
25
78
45
50
78
36
43
66
22
51
96
32
46
57
42
58
34
70
82
30
36
65
71
41
60
55
39
62
67
42
73
86
31
97
64
98
82
95
54
59
49
44
63
97
30
26
79
102
61
67
26
26
57
59
79
53
52
74
63
50
34
55
34
[85, 115, 116, 97, 119, 105, 97, 110, 105, 101, 32, 112, 111, 116, 111, 107,
 117, 32, 110, 97, 32, 80, 65, 85, 90, 79, 87, 65, 78, 73, 69, 46, 46, 46, 10,
 80, 111, 116, 111, 107, 32, 106, 101, 115, 116, 32, 80, 82, 90, 69, ...]
