sh: clang-format: nie znaleziono polecenia
Bundlex: Building natives: ocv
:norm
"stream"
"stream"
"stream"
"stream"
34
66
27
101
140
118
98
63
97
46
54
46
69
65
90
58
59
90
102
50
62
34
35
36
28
80
77
37
34
41
29
23
39
108
73
41
35
37
26
53
61
61
40
72
44
54
47
52
48
63
61
36
37
33
37
31
92
59
84
94
75
47
51
46
48
54
23
30
25
65
76
92
86
71
23
26
22
78
60
77
64
62
108
78
24
25
36
26
23
27
29
30
25
28
25
35
24
25
32
28
56
47
52
30
26
30
23
21
26
24
21
21
24
27
21
31
22
19
29
50
43
44
37
77
66
64
59
69
55
58
56
75
61
59
65
64
62
71
17
65
66
67
21
21
22
16
61
47
33
14
21
30
46
44
48
48
83
40
41
43
66
61
66
68
19
27
25
16
76
82
44
42
16
27
59
77
120
36
42
92
71
40
72
95
66
74
41
87
36
46
39
44
73
21
70
41
37
36
37
36
26
40
71
30
35
26
30
26
30
24
21
27
33
30
21
29
26
19
19
78
25
18
27
25
19
30
16
29
71
81
26
88
40
60
82
62
47
53
48
51
42
62
22
23
21
24
91
79
28
38
25
77
61
80
66
27
48
28
33
35
22
29
47
42
48
48
49
51
48
51
30
83
68
34
25
95
19
22
25
53
67
73
27
27
23
26
17
25
20
81
69
73
22
33
30
28
35
26
30
30
28
56
53
30
20
33
30
22
30
37
23
120
84
47
28
21
46
23
23
27
29
23
23
16
22
17
20
23
23
44
21
64
36
21
20
46
95
72
71
40
42
42
66
36
35
39
41
20
23
25
19
23
90
65
64
47
42
44
49
43
39
54
43
43
41
43
58
64
72
74
48
66
64
36
81
63
24
23
23
25
25
27
24
16
28
18
44
41
55
59
17
22
16
22
62
32
90
68
72
41
43
44
53
24
17
24
18
56
46
28
31
23
24
67
75
55
48
41
49
48
52
66
56
58
17
25
27
26
85
35
26
26
21
26
24
32
24
25
88
71
71
49
58
39
21
50
68
42
21
47
49
47
45
23
74
28
23
26
24
52
49
47
22
26
82
21
78
45
47
49
56
60
41
43
66
83
70
13
21
21
33
14
33
48
51
51
50
49
54
52
53
50
16
26
70
78
82
51
22
24
18
21
18
27
72
64
55
49
38
40
40
43
36
21
30
28
35
36
28
24
24
21
56
51
61
82
60
66
66
30
16
21
67
56
29
21
24
25
24
58
47
50
40
24
15
24
29
24
19
22
27
18
26
19
23
66
33
34
41
43
91
36
45
45
27
24
67
41
40
41
73
64
79
30
62
66
41
73
38
37
55
73
62
44
40
44
69
58
33
41
28
45
42
18
15
21
16
40
42
39
44
42
43
44
79
87
85
56
62
45
22
17
14
20
50
56
70
60
64
23
17
15
15
47
73
41
42
51
[85, 115, 116, 97, 119, 105, 97, 110, 105, 101, 32, 112, 111, 116, 111, 107,
 117, 32, 110, 97, 32, 80, 65, 85, 90, 79, 87, 65, 78, 73, 69, 46, 46, 46, 10,
 80, 111, 116, 111, 107, 32, 106, 101, 115, 116, 32, 80, 82, 90, 69, ...]
