sh: clang-format: nie znaleziono polecenia
Bundlex: Building natives: ocv
:norm
"stream"
"stream"
32
30
35
28
29
45
36
40
24
34
37
19
42
64
88
57
41
27
18
20
20
19
18
29
40
67
44
43
43
43
18
25
40
39
41
37
40
40
39
67
50
43
17
59
43
17
27
41
38
65
42
27
30
35
38
40
40
40
40
67
43
42
42
42
42
19
25
66
47
44
18
23
43
53
45
35
39
64
16
30
37
41
64
42
42
42
42
43
16
53
43
43
43
43
43
14
25
67
45
45
14
31
62
39
40
14
39
62
21
37
40
62
18
43
59
19
39
44
36
40
39
39
40
62
18
41
65
18
37
40
40
39
43
37
63
17
41
38
40
44
58
18
42
61
42
19
59
21
37
41
40
40
40
39
62
19
61
20
38
41
42
64
36
16
42
40
62
19
40
63
20
38
42
40
40
40
40
41
36
62
40
41
21
40
58
19
40
42
59
21
39
39
43
58
19
39
41
75
13
31
40
61
20
39
43
59
19
61
19
62
18
43
59
19
61
16
64
40
20
62
18
60
20
38
42
41
38
40
41
41
63
22
35
64
49
41
40
40
15
57
46
41
41
42
41
42
42
16
50
50
40
41
40
41
40
19
25
82
13
28
70
41
41
41
41
16
26
65
41
48
41
41
41
41
41
16
31
36
65
41
40
41
41
40
47
40
41
40
41
40
41
19
48
17
41
63
49
51
16
20
40
39
40
40
41
72
42
41
41
41
15
26
63
19
38
67
38
36
38
40
20
58
39
21
38
60
40
22
37
67
35
40
19
61
41
21
58
20
60
40
21
40
39
40
40
61
40
40
20
39
41
60
19
42
40
60
40
20
39
42
40
39
61
20
60
20
60
40
40
21
39
40
37
42
40
41
39
41
39
41
38
42
39
60
19
61
40
21
38
40
61
22
59
21
40
37
65
16
41
40
59
40
20
60
18
42
39
40
40
41
60
21
39
59
18
63
41
40
43
18
39
61
19
42
63
16
41
65
42
42
42
41
41
41
41
41
41
40
16
51
40
41
40
40
40
40
40
40
43
40
44
40
40
40
41
15
30
40
39
65
40
41
41
41
41
41
40
40
41
40
40
41
40
40
40
40
40
40
40
41
40
41
41
40
40
40
17
50
47
40
44
41
40
14
53
49
40
40
40
42
40
40
39
40
39
39
38
38
45
37
36
35
17
60
40
21
39
60
19
62
19
38
42
38
41
60
21
59
20
41
41
39
59
19
60
41
40
19
43
39
64
15
60
40
24
56
20
41
39
39
41
40
59
40
18
44
38
40
61
40
40
21
60
39
20
40
59
23
38
40
38
41
59
40
22
39
39
40
60
20
60
19
41
60
21
60
40
40
20
40
41
40
40
40
60
23
36
41
60
40
21
59
40
40
20
60
20
40
60
20
61
20
60
20
61
20
40
40
40
42
38
61
40
41
20
60
40
41
19
39
61
41
20
59
26
54
19
62
39
40
19
41
39
60
40
20
40
61
40
20
60
19
43
58
21
38
40
61
18
62
19
39
40
62
40
20
61
20
39
42
40
59
20
61
15
42
41
60
20
66
38
37
18
62
19
61
20
39
61
20
39
40
37
63
20
59
19
61
17
45
59
[85, 115, 116, 97, 119, 105, 97, 110, 105, 101, 32, 112, 111, 116, 111, 107,
 117, 32, 110, 97, 32, 80, 65, 85, 90, 79, 87, 65, 78, 73, 69, 46, 46, 46, 10,
 80, 111, 116, 111, 107, 32, 106, 101, 115, 116, 32, 80, 82, 90, 69, ...]
