67.0810559394545
62.825534522134724
63.83153279687025
58.33440118844589
71.34043935353851
62.207537033369974
63.474453293641815
67.07481927064006
60.2878774170796
60.33532131998418
71.77532999936972
58.938375714145664
63.53746590103708
66.2228869786454
65.6487996523501
67.48091938960374
60.274113319912296
60.76965675254247
64.49678567447518
58.99126022135959
61.32897110982101
61.167172470787584
63.56851676815986
62.28464929606913
62.2141448649553
59.683446176302006
66.56245834082459
63.91681284146247
55.14542180149891
63.17410426712378
66.02512942488801
61.549806019215666
65.26285642907656
54.40941315313903
61.55404199992792
64.84696039219816
66.28018676939675
62.19088670322761
58.25788158774254
61.65382655173874
65.31273623857346
63.734564040712854
63.8752250204333
65.32073333381896
63.77933541130053
60.177674493002954
62.80167346422087
60.118938349913186
57.737805666706514
62.04115285962319
64.52259199391777
61.63061412881079
70.81958803571999
50.80473153251191
62.14649091594922
55.24849038386877
53.980484866444144
67.74388406641502
59.29761850586995
57.030393782303044
57.93622463751322
59.467691686346804
64.01088798681592
68.47715101707702
59.214159194689906
63.50287494641953
57.98698183366287
55.05376862373137
56.5467479872835
61.05407579900298
67.8786405785665
57.609262435272775
66.74635308395928
68.51767174460264
65.83888292462167
61.77770131066961
66.76601652386337
62.75435847755244
60.45475063894147
61.74114669894553
65.32938882016786
57.608583936285434
62.29302391294049
64.47460124148029
64.36255402956212
63.25136703982306
62.081678300895824
54.824939212585285
61.45198095194802
58.99852116968845
59.240934543376426
63.40987497627361
56.37552471463797
61.52623100508561
61.94709260890048
68.00891044566023
64.64529881031964
62.49249357493045
61.92874536751553
63.70970754767086
60.989851061413795
62.12435326272361
54.506766620714096
61.38617039286888
63.50849511247116
60.98724600587049
62.85601673652642
70.86723674713954
63.88238156940923
59.63710890713557
59.683444883186255
57.86382848335478
61.215564742456586
63.47850506158697
62.10258854494382
57.78542895707058
63.163332721431885
63.462112054516155
67.34019736779102
61.924214121184434
53.05218575618978
63.637396911756746
61.55185764095867
55.92762958937988
58.53293428328954
61.26264192993987
61.94739123680007
61.67602475697451
63.20787384090992
65.30424232799741
58.330194546770834
65.30080741156499
63.312852794788434
60.88098562982544
68.00599692301284
65.2304289361128
60.38790860500049
67.06782844004807
66.72557540224358
57.741385803824016
64.05841701998784
48.246655262177356
73.63464528694828
59.95366900410526
61.85570128452587
62.41726539961421
69.30246201265709
50.956023318517595
60.40305785804211
72.02993431492888
65.01595261264887
62.666724971940056
60.719940136916016
60.08492172863794
62.43004917075979
62.39636344860578
57.08186763788085
60.79337913361299
65.219241031311
59.3528222590346
66.06593657516369
63.87314884354228
57.21661852059767
64.77171342750017
59.03011646222062
63.607601018328886
61.31139305212301
57.00947517705519
62.57636465095372
54.72318983674549
63.276394063038445
64.82781795811991
61.37705323805516
61.059492417689185
58.00542590285612
60.31561646683408
63.178302469138906
65.40897240920367
59.99254511754151
72.42559734710619
59.86157688521645
59.947573577638764
62.93506729849685
60.18689150690377
63.67731679570685
66.43016078068548
61.536410228672594
61.931449592137774
57.64070109340815
61.858951776174976
60.75901440821487
61.62417937250168
61.27942350753918
72.44636797137602
60.43738715597573
64.96998683582699
64.16609982679822
70.37991310500945
63.58139399621193
62.75901722643558
60.23607521975135
64.3254816211479
62.71645907744097
62.63363635628112
57.0500627862703
57.39417984953789
69.39579673902827
64.79804832605986
62.77257181413659
63.466206893283456
57.432820753428324
59.02552135778402
62.964458220439
59.67491833355785
63.84625510339796
57.41610965015993
66.05076477561512
59.37223940060668
61.25795279415879
64.99252793436997
65.20488621989747
60.34249879392921
57.53598098201535
57.723489584154734
57.54052237723021
66.39082861594618
59.99279940700489
62.85625196412468
47.45404349382478
64.84065490523597
63.281884295947464
59.46409921949241
61.65339780948949
59.981347829145456
57.70443797310836
59.95737899266694
62.27821186937338
60.536933977434614
63.32437925247154
56.63233610335293
56.90898154837208
60.60049305250045
66.70502710106315
62.199253111209536
61.82234042926587
64.21830710006752
62.40560041481116
62.275729721216585
58.19677485019799
61.831161115302706
64.29575963468177
62.11244565586955
58.222122350330686
60.6752940282517
70.9507729659249
70.01929499914704
60.72951504283424
63.483655762399344
64.08883214371275
63.32192307967038
61.59012839152528
64.3104364195296
63.79609388264951
60.40512087004833
59.534753668260336
59.91850222626605
61.87245866377742
67.78924484754737
55.77687891754586
61.94711397802871
71.23596678227774
67.78031910052022
62.030370185982896
59.065501127129096
61.04077843609971
72.28329573391454
59.443708561771444
69.65584022489989
59.60941365161582
61.367880684831796
68.26932075768548
59.8693359378553
59.869233272072144
61.31433263368395
55.20046421461373
58.680875610417274
67.60370444541614
67.29234928689795
66.49232056257642
65.96567683866017
60.41240302851904
62.474369306126015
61.591444200835085
54.54002220293208
59.36239557070329
63.38731862074242
51.58407586399463
64.52100522662616
57.85638290910134
64.99808249129737
59.76183875513958
59.42378072921542
66.49175844891035
62.50662422857345
60.91597620684148
61.27901679961126
57.23428223046632
52.76879543174407
57.691595421249495
63.93530855915352
52.80000282626869
45.637137200001234
62.86089266495481
64.35641691623343
62.436004333623394
59.73351723954196
62.54465334408865
55.42246381699468
62.84070713894765
59.83543805159977
63.35306485372772
74.48280531451937
62.11391442264526
60.72201052834829
61.28286708313236
64.34502345543928
60.55477642532897
60.199201567561964
56.65241433378428
62.27398176370292
59.49391838265361
63.23492566078933
67.64901193719058
61.76497078909655
65.11653842796223
61.70928402295261
54.09519555320638
55.544263936463054
57.510087748198515
63.97674196949071
68.14321597060213
59.529866650826705
54.654137047197636
64.36226966612091
57.56348837452216
64.17865270769182
60.5305730176864
67.02824644962688
65.11856164094188
55.77727739653406
64.10124169249829
89.27719101137171
61.13422069080515
60.08347393004402
61.19908895273653
63.17761200025574
67.45219120704294
63.55088336761824
61.241045371944395
60.23606432095286
57.95885780910671
62.9204670877806
69.59116592662323
63.64398252404581
69.06462611574631
63.39294601703617
59.68431909924867
61.16802633146947
63.93284779433799
63.047182681948435
61.130642684367295
59.38757058805378
58.999601765001664
54.89597957140234
57.2712032239899
57.2508263952015
68.65263833783104
57.460040183818826
63.91667251007988
67.34725749273198
59.68585873797354
60.544661009190776
59.14864683526213
62.087457435722044
58.65111522946682
60.12791815079273
62.89068306746452
62.70499494866256
63.07722930180147
57.22194974840022
66.09207133374979
60.47153785137771
54.87654560625003
63.97813961631149
48.24132224578352
63.29726148812186
62.06158865379884
61.167898378689145
58.16811447129138
61.11184551885113
62.039527052920185
63.858135348533615
68.03849788938216
63.53969358791662
68.80243809698266
52.406717249871036
62.100273946133086
63.321403355236775
64.79566043752868
58.1845440269345
55.8629261825153
64.4940336268767
66.77718176158444
61.054727909280864
68.77429332341063
61.39032752646193
63.3965194718471
62.71281381249442
62.102152392503086
57.668178929609155
62.981535578697255
62.06276233617563
64.20995436730233
61.65116973484488
62.531315370022355
60.481741008499164
71.16746080673765
65.11008430957897
64.35954610301764
78.63785982775111
67.05771400106445
62.597696821305895
61.6055395155122
62.55105360634268
63.75551521756789
66.94143583137493
60.30458629995017
63.06789851570114
59.431018179592904
66.41784157281471
58.10425018749041
57.86613432835341
63.14941119823997
46.31864910492055
65.75833120323061
58.728195366770734
58.569139806646874
65.7125056673694
60.79210988933265
60.09861859054767
63.657084858947634
63.709427157436515
64.24169329717708
64.06153709389494
64.86013879273953
61.15064125215645
68.44357672350796
71.37301757948552
57.54258680339972
67.7814031639457
62.34289902607091
60.30369976026708
47.458914698143055
68.66873694913997
63.75175850481021
58.730052734948586
72.6982264250291
61.72828933186449
57.00880123307097
55.8220853709554
57.479183720615126
52.76128242087564
61.45074478180276
61.29220967393297
63.067653672171524
61.440880107360876
64.76826609372621
62.25568962115169
65.2585028329553
62.138136660354704
67.59929230183765
59.844539259559916
61.41154626908721
63.137296404454524
62.6502761238218
61.03599246326633
59.594201256888965
65.9939136058729
61.3963872054238
66.41980130318223
65.46499301541597
63.004834571009994
62.074828985460535
55.504242682898635
66.99953882153069
65.0586000504036
61.98888260631904
68.04749880783237
62.88912435780121
59.70309039795602
59.652574006204766
62.972584300825936
60.156751242435746
67.59721459278481
69.293116873049
62.58631425464752
60.30070078774182
64.56301133911963
67.48993593836084
62.3466866091462
63.53590337425785
59.46318874396668
68.23317425477275
72.69076626868517
60.047691440970254
66.73945265063028
62.13555716030575
63.49401982638182
62.65086529147436
57.41964597911392
62.00416045482746
63.03451668708271
61.023280317353965
61.53307670774725
61.49414932273089
60.87349323991388
65.1979732528508
63.29128480480133
64.36925343820567
69.09575257693234
61.69005242464445
62.36142241196072
77.40806565774828
65.9916332640685
59.50741160099935
62.22045180651032
57.815178930370024
62.20265594327424
65.64422523612552
60.54629907143006
61.808675478311656
65.48563118526036
61.675705879413954
68.97826682840679
64.04857022088007
49.37745199712488
68.09654121604896
62.33614968538414
68.65022492584124
59.9245218218489
60.20642272694677
54.09956950072709
68.00538843739436
62.125814748404764
62.95017692381471
61.98208215653704
65.93881022982032
62.94104015520216
56.02114728831873
64.07823802429665
61.84112998974881
63.53760303876515
69.99389190263216
56.023692062050316
63.11826384067552
59.7202740161577
64.18867317520098
53.399351569298744
57.83522759099905
61.3854920350842
66.22434632446944
46.31293246686418
61.019994815292726
62.06650424663656
67.49047006301181
73.31087415306692
55.743463300406454
60.59068491939223
61.296492360366976
55.50058938348386
63.27945907563081
64.14132593661179
65.65632548454633
62.34764610086877
61.08774658147278
62.878765758873215
65.10933710643336
66.8906712704947
61.5191487458061
62.485242794834804
64.44632234152702
56.12205383236805
59.17568904469111
56.29112978773651
63.77363508688065
58.47298616892868
61.04713483435867
63.24975222925434
62.77335456737012
59.515603058645915
59.473715084933005
69.09564724081227
63.13378650898579
60.121882286272125
59.83246936722233
54.97907188141311
58.028190390938526
63.9440829431946
65.42196342627926
63.268608208690004
63.608207695685564
68.44808666342819
76.23553943316045
63.37180733503241
54.399677748161494
58.58688587121081
60.16140166311469
64.43244504064062
59.34126482622934
64.79717907101102
59.40582176650946
65.07562058090616
78.0526581387885
60.128386776122525
62.75883910426247
62.31417264369081
66.1295916079961
62.74924075822152
61.890264988654955
54.29104208614228
59.71491140084375
63.15494473636775
65.12158418302761
65.1978673805126
63.5524517781667
68.40828497302442
59.877665363474705
61.570260000026074
59.6257274186381
62.352198840845695
51.820688496005076
63.45699381150606
57.748607919751905
63.41799300446569
63.42652119501225
63.84936558963602
64.87695707549987
61.50826900225235
66.41747563070379
59.842668009542884
65.80517524811835
68.9150985273342
63.458976703649164
58.32732639086813
62.52863218165143
63.96281444294897
63.128408040646434
60.16523164229046
58.783410739362736
59.80126582475987
62.70684251622173
65.44533933064396
66.76789232281341
63.908964166484495
61.22904517125056
59.921278162869484
65.00894952789106
67.57906870603443
64.52623741807979
58.009112400207755
62.50233794933055
56.42374211515223
56.77148601383261
64.04691464470143
63.76097600895065
64.85813195607375
52.2032423838601
62.96504452106704
60.220419278501595
61.492257905708904
60.487958271240736
57.91957639282366
61.04428368707716
65.73572980196994
69.19026744261062
61.10704249303765
63.464344758173716
67.35573202114281
64.86961631387153
65.16413451527418
62.29516891298282
62.78645430598753
56.21625618770091
60.44012178425732
64.25135341580642
65.77081286059654
65.10332594552769
75.37870883087339
59.19849000968112
60.75904505517528
59.52771559755124
58.556938688591714
62.56628551818985
64.28701367194928
65.17868642275394
78.03816661796989
69.29441801504737
61.65156290977815
61.22734243425937
63.98330508937066
58.85930006408236
62.016596250281594
61.14080136117046
57.479472030570946
63.763511490196514
67.33241623558811
57.05200311610071
51.163395467576635
61.18314710647635
48.57567291578974
67.17287380280884
62.66057764447724
63.557476083223236
61.644468013207856
56.22949703199613
57.416519968566874
63.4411427599898
57.12330150271998
61.1995508957602
62.9956189096742
54.57736658157516
61.99357575292125
71.1883012441071
58.992906266236375
66.92940358940173
59.92524140077902
58.72667746121592
59.053699761449714
58.022843488838504
66.48330188610147
49.81504539952748
61.34191989556377
59.53141088782659
69.10659625804675
68.72693335886184
61.11854195839639
61.4503512317197
62.75426814047327
58.79483522270018
63.4357212471193
60.868105266440985
67.84441129221361
67.07437079222925
62.29223868052313
57.86432419120669
64.21691098957787
64.43685498181023
57.808124192109695
58.03401950179567
61.32946326559935
66.21247195987922
61.54472894832838
59.33580906567689
54.122243604646975
76.39503041320509
62.807069802999536
52.80400189459476
62.410666786399986
65.7396284829326
61.50101310882105
60.78913097829532
60.60504868053808
66.32335515530643
64.84885358724944
59.07011728903745
61.7562519278643
59.63737754599864
61.771432338314746
60.61146998799485
62.50377608683695
61.98114028433329
61.97105379950344
66.05422020313264
63.76290368699232
61.32021430499395
62.54324235806616
59.588802984125195
65.13708773353014
62.58599793134843
64.68114922074184
60.26889165669212
67.40055627100315
64.26182587645617
63.44522340699862
65.68384325647223
60.866584849495716
64.11107331046166
64.25566992161207
61.580009104502196
59.81323799720432
65.12461308191277
53.55374248972339
59.86918895638909
65.26736978771274
64.53268726119778
62.04428898988268
63.17642370432586
60.63887709952612
52.81664443286793
68.98240310105464
60.84642566729245
63.497343170533
61.41376646477658
67.21686522218964
62.48381922880078
51.907504203811776
70.45347488951387
66.21106536101534
46.927217905785156
60.90094881132954
65.28544933962519
55.754591949915536
66.35689798192419
65.2847034619932
55.27397666553313
61.77332052332878
58.52569264556254
63.12083914564485
61.1244319564963
63.985882566347854
63.75174921442402
61.13306907126913
61.5160216604911
59.3557568871923
65.61655601876488
62.947573596513855
58.91071008803379
68.09924296547928
57.98083838126595
61.54280009516397
59.87621922450351
63.517778839300995
57.77708173242388
52.78274502455828
67.72437123404718
64.49949960529513
57.641711697056856
65.5857910074298
61.49695839722562
60.8909087631493
62.41077359436734
67.73625899179315
65.22437249082665
63.47236483899724
65.28765897210161
70.66734612776617
64.75925613470693
62.118328709390354
67.14019990512506
62.7151870695313
72.59897848566077
63.544031355787304
63.24453138943251
59.91204294876496
62.673353219815546
62.77290350581548
60.81480205329852
56.073102818751416
56.81804303795763
64.81101152403008
65.17064876345965
61.8663926196096
66.67765845983013
63.361954132037276
70.10909240877812
61.51556481836262
61.28270770105836
61.63446739891334
66.67831801533356
62.374183807516594
70.07801788966263
63.47792859722248
65.28560969250589
63.08476294305296
62.23166951248653
60.11534242856977
61.27870305340832
57.79108393298815
61.738276157360104
61.70724593986036
59.80834449432266
57.747011649461115
49.75326210123386
61.01030932642634
65.00874009181359
67.97985196619359
64.39700655306953
62.009914753794625
58.83980632534271
59.72575937025658
61.545480311835966
61.552049613518605
61.39007275285179
66.77367520986284
66.82279558698039
59.66788946951119
60.33032313182918
60.72082996112835
61.33052411741744
65.38692176362223
64.17078748993502
58.38779318749353
66.4712577082959
65.76050014652175
50.85841647120296
63.562886289214205
60.16320285758065
58.481634430220936
60.486650757046945
53.865105815803105
66.13467955262755
63.08636561908893
65.45965533286281
60.3950131313651
59.07644260203472
61.96767229818543
58.48329141376481
63.450169268807265
60.6180183957434
62.98662153868798
66.53972177494552
61.24989843660785
63.99268732593538
56.27736554503494
63.286137185722325
62.240507570654856
69.93042037164244
63.26273093693986
69.46378690881899
63.04621636282954
53.65208346625371
67.45955526901696
63.08124835557743
65.61625218691414
62.592614341446
59.6449216302918
65.55490595260466
62.521656652405866
63.98588938123367
58.07042634575625
61.448622953064536
54.47801904043711
62.35316126342913
59.327278419193505
64.60799157069141
61.29769086274157
69.27100601713583
62.77857166997839
66.84914521629194
69.21921207137386
62.2637617102516
65.12426643088001
64.66326325013708
51.980068491285394
60.743275487137964
67.79968468450936
58.30306592570418
63.38730947179288
61.528137168982326
56.034376722724296
55.3030514894563
73.76379355683513
62.33106068020607
62.17181942481114
62.14093144291192
61.289411542687795
69.00151106575997
63.74103757534975
62.543003421655506
65.30998858148459
64.78067669934508
63.50877733579997
59.0323755022373
62.54902989683854
49.83359077633989
57.45301019005289
63.06994667369905
58.48727413968619
54.48581656983354
55.361344063032284
62.72700946500309
60.78627909985871
63.13961366009297
58.974049437955564
61.73705708966271
59.087877532899206
61.763814047986976
61.41408848672876
59.40808356279261
67.14956584203046
58.02393152234878
62.6199993681998
60.452094060160476
60.90902617538677
59.09223636679131
60.99804995955911
64.40519012271811
65.00106909315014
61.858960437188415
60.35131810387108
68.95117267513066
65.4285059030646
63.54988318168138
64.30199559922563
63.29627327092952
60.00837632769722
69.07682006744808
63.05146044913922
60.85494412992703
62.59161715781453
62.397698992936284
62.21434335846549
60.83492566554388
61.46378975604408
58.393838873781796
64.80070562487623
60.25309137433421
67.88960562578352
64.54238260908856
62.30779229116628
71.65520249205153
61.907703751617895
67.42730912963279
71.00478193915337
56.50294784217108
61.292263281154256
61.99973136618711
60.649870765361044
62.307367716777335
56.15002909771164
60.537315956518306
59.39808902090345
56.42356229962531
61.67334770743331
60.93521434730101
56.89491794133476
58.0050563858485
56.454051090985786
60.90155490824801
62.251879215172735
67.04831126248494
68.38179512658179
63.49947569621581
63.36547343009158
68.15349666936493
59.47302927916104
63.10860433568887
61.76649411992894
62.00887567135507
60.748593656088524
77.03776264302019
67.9422251040511
61.44014523618543
64.78422451821972
64.24244041321836
61.76521911175837
66.01233563130931
60.14969214346916
45.60878686373604
60.0432772138531
59.882407587185845
31.86433612256939
57.35611513702612
60.60319430549223
57.438867877783515
65.04511373197421
63.479746888516765
63.30625102701667
63.87435197504752
56.02318602990282
50.995285253867046
58.50982696645845
55.49165246563532
57.27512682883029
57.937702046943976
59.16658400596685
62.72120584841994
62.1032175207586
64.57419917790173
65.93331403680303
56.319198246320006
63.23948755538954
58.471430705724565
61.7426849699961
68.77954910365719
57.86729132979124
62.4699287504961
71.34379751067853
63.94112720087241
63.78998190069713
61.099725836032675
63.49182505857303
64.16702279940836
58.290703264245934
60.1679951922055
55.716606658205315
59.016790068739304
60.6442894566471
62.512670996377395
61.55304895236059
56.947373343736594
54.87769206590805
49.518062951248936
60.865535377756935
66.48519026853212
61.80332822352998
67.20665735674682
60.807309812358206
68.24681934475623
62.03145263373977
62.677675036734385
61.1369035024324
65.74295571591784
60.23499610015616
54.214864372032636
62.32320818230466
58.06595655506822
60.83763256674342
61.59672719994734
62.64538781164508
61.94169621296772
59.66149037811773
54.24421117277157
54.56195686028527
65.79193045059327
62.099040035086354
64.44623733282083
60.129588753440295
53.11289067481776
61.35687904367698
67.23713236689412
66.32837109238065
60.85596223153057
59.42586670114221
64.34645455886842
70.47279502938729
52.7215473827975
62.18044617678021
62.40825004450054
65.26530477337559
55.08138527527394
60.92207947699252
63.03192698717472
59.02240534295253
68.67051021959387
54.01122107280041
63.45388374280399
60.80131223708656
61.89739248712408
75.84786840463065
61.53120394614797
59.725503280456216
64.9601131919363
61.207832914328094
65.70352635563785
60.30671372361419
63.03181872848313
63.16454433923823
61.40570611255639
64.87422941645312
57.24605692304095
60.35309877366739
61.990652490000464
62.031033516082495
71.4825658664522
62.123363161471374
59.69846047193827
62.02142162417064
63.78729262647295
63.98912141630005
57.601222160216636
57.75205148966364
55.20946367530007
61.59580511855841
63.93734847714802
56.101941734231865
68.65061967650482
54.94740233703302
63.71462427100468
59.56311294165406
50.64567078492827
66.72805199654324
64.68468271842227
62.25337217509823
62.552640369627134
56.90266011955061
64.14026941353747
43.49614240156733
61.97586622159089
62.306003349846776
60.57168262480648
66.54709165937649
63.19627865518763
61.35405878538968
57.31254331811861
62.10448805747396
55.24047005248566
60.817120067495225
62.48952687855478
62.728895679383186
63.118158940682136
67.27715811997675
58.064395317112
65.77356094775436
65.72446902420086
61.714337777692165
63.372965924872176
58.17742246073895
58.53541966618948
56.25607234536571
58.82565358178233
64.48683788503968
63.85754042168158
62.796274645569945
64.64594980143065
60.21815955747032
59.38611362564556
62.57632339490868
64.209010884281
63.85585839474269
59.707912410523306
55.0446656099722
60.29231965805101
62.067255349803126
61.244508669070534
63.30309242580864
60.28932399086831
60.609910829594185
64.47390064553987
60.15796645281112
67.07570264324698
69.40540597039218
53.416789887381114
63.28893111987505
65.19817588354202
59.98246480823227
60.935212526812776
62.05248355033188
63.39423306017762
56.88303516941653
53.18362811570641
63.04182118700296
65.28350236611192
61.39597942235875
60.57576120466805
73.5390376791689
59.78644339389664
56.18117907448182
55.0362085023626
60.79723542033925
61.288106698424876
50.88522413689455
65.88130207629948
65.7009125134172
63.87908446010177
61.90546217314957
62.718393933678456
66.49455255960919
53.97177754376306
66.38078212959249
63.917245202987935
61.457753268489064
64.00919999780928
72.82793365372859
61.018963521935284
57.32623147327595
61.97881736954493
62.946845802664434
63.44627194545725
65.9890687748955
59.41832374251591
63.76652987403189
60.11839195181151
53.06543380341349
61.93168118027906
73.7872169674975
62.199562591575095
63.21506438291575
65.17759951447582
66.6291638483963
57.55135448257108
57.56494079669242
57.69472447381702
59.92318338201106
56.073884113774604
68.00607296069265
61.541341931792104
61.37545923744705
61.24542531315135
63.416091168724634
55.701157905460306
60.92883009159415
61.32495947918326
51.64325839880088
61.85840691653253
53.757689160939854
71.06238102505289
59.606579006431225
62.26185750423206
63.06601820830665
64.03004135783277
59.18474265109257
53.43822869376484
61.51921098382639
61.39456165897003
63.02705013527419
58.93015585915265
60.362386799517054
64.80303448825356
51.13826552163091
61.89803357410739
60.64041791510599
58.32012502953867
62.60679159694056
63.36891940660845
63.51358208176476
52.58807464950033
60.296217976539495
73.402226624542
70.75753695780995
63.57604144125387
56.96381721380026
68.72245849816815
63.69633768781583
60.95481170470764
59.1874209205083
59.44918839888741
61.50877809050803
57.79783894701849
65.04171687459588
56.92727657158996
62.873950336556064
65.0120136573415
61.6337712865501
62.11997133266548
59.35365694316193
64.67101709651213
68.91461013465717
60.367188201152146
61.13111642571628
64.70248325198602
64.5740663062924
64.38661990854965
51.49537356929183
53.18679997797419
60.788903475673095
61.80046499218895
61.54135297855059
64.30766738213697
64.1457494494204
54.14886022522684
60.80354423697103
61.908896321310834
57.894338414725404
62.874050538631565
61.52942605536413
66.57403058067649
60.93130790101743
64.64403005217103
70.06027587071267
56.67359083119839
61.70340565473391
61.95493066083468
63.686444574929155
63.250506824386115
61.423979377546225
62.752301906589935
57.30650594185486
63.75046795698893
63.760011421077174
64.19466323774368
64.17077773425409
72.094281629081
62.400669052691924
63.98317229150802
62.37500567180595
60.97687453360491
58.30386416065024
62.20628663226816
60.33408798852191
67.97736560933613
63.35779112310043
62.463734189877364
56.12043647757798
63.889701932286954
68.86457705114881
63.96205483875439
53.997143358475896
63.1938224255129
60.463268616225605
59.040344632154856
59.97559663294136
64.48901984818482
62.38384720537593
64.32945745973134
57.73866981041087
62.373258169098264
58.747656991973706
64.02640996137683
59.669829331642276
64.74534885671886
61.885921022623116
57.93071068223317
60.893350386730745
59.997716217981704
68.79173383572261
62.00270794379055
66.95614230806858
62.902774346171974
64.41518375792973
64.1543776666632
57.45041070571311
66.65381893784122
60.70207530078351
61.865673852963766
59.06805822882786
63.799038370634776
63.65881800133985
61.02039715383773
60.94421379001475
55.91589398767132
61.546041897768085
62.45474239705553
62.015480187047224
64.94979294187945
55.346347174098085
66.65992669155128
63.43750210064367
61.707326257742935
61.79426072345659
60.58455502064636
70.19032506232827
62.37300750709912
61.1743936870556
62.358242567046204
61.99781711436525
60.88728122968774
63.44862682081395
65.26550435315276
61.44746484491807
67.30340351716386
58.94913891113542
58.93432115892175
66.40820988132872
62.80736235635565
57.183863088259116
67.9101789770778
66.59071074945126
64.35632808742062
59.3781675741284
60.395208897747196
62.22030164940347
60.724115525339485
58.22685919511646
67.9885696911164
62.031719056824436
62.566146265155545
63.477579678174294
58.19601051614961
59.31055484134839
57.81717677362796
62.21790473674129
61.69050917440119
63.727222540138655
62.28106923355162
63.15407431329334
67.74370478413933
62.32612593157703
61.692771333598
61.37692598346625
62.83756370969854
56.27190315753034
68.62863222078897
60.710173439249694
63.799641926954756
57.24626613901075
63.7814548196295
58.01210981495925
52.63917185204234
56.47676580019905
57.781056101778425
62.145145157720414
64.15697127330309
56.91144447094861
62.089495468001054
56.8195469276965
67.94670144870733
58.44104798339517
64.24911601358828
64.8075015909476
64.17460191379712
60.024648979908534
63.56258430643125
62.915934024856156
58.49015301604997
65.306444918369
65.1213353005356
61.03559286082701
58.30184333202927
64.94223994340348
62.883038637924486
63.470127256537616
64.28873337015239
62.3060697664911
63.976119917911184
61.68869269243387
59.5469130344511
65.98785149416402
63.39027919069398
64.27980029923725
66.38938832028713
69.92090885488221
59.77001224055653
63.07399612320993
63.44163468161735
65.45112686570198
62.452579108806724
65.35008703828035
57.26729476406229
64.1867723433509
56.09151921194797
60.213250456338216
63.20369375924215
62.76044459649308
61.2534488981041
61.64405234713472
60.16370291573152
58.75400175741578
63.97819216221984
62.84127020049443
61.637640862112164
58.447426038159875
60.987435586503665
71.44232793798663
67.07927514858686
61.95853319766941
59.7215648917788
62.90761783708841
58.530200786734405
67.35976768707572
61.22663217777628
74.02466442243498
65.11211704868589
64.29318981091322
76.4666157591037
65.8924941784219
61.37514040189139
63.322255206856404
64.40974142667466
68.56774138144318
60.17213094513988
59.94230039749267
68.22950690392231
65.75793636947023
63.172660843361086
46.55093782202247
61.51915141215717
67.6530062314952
59.284162601015296
63.03873525370066
60.24832865068145
64.74878440029092
56.041090876357345
61.572586448315064
58.53586734641378
62.895987068951335
63.967452655645054
59.0312862527483
57.02683423339234
54.06222290177695
62.905270940938905
66.87742398301927
62.93015725847662
58.973026160930566
57.350938327621165
61.019780544637335
65.8523477087853
78.19306741750839
63.295853220017946
63.38099430767871
60.69885510042725
64.80996361900301
54.16523523935099
63.4113528844488
63.209649171231646
54.81588736026755
62.034010079890656
58.034563542114554
63.801273226367506
62.53938742685998
64.64496713895275
61.92027371681382
59.68132120141493
63.42379979436058
56.104433392220436
66.22879621129421
59.83110505724616
61.185765647687774
69.87554645086307
56.75398043931438