31.611656429077076
37.4788212269427
36.06819160620003
38.08920629533033
36.97075447958255
34.28309357856395
38.60863963343587
37.12636851858139
38.063689429435826
38.46280952645168
35.78434831298119
36.33020274352016
26.664322287268035
37.091724963758914
36.60429893281911
39.502178775736404
37.681534280420635
43.113018173676934
38.530542921268136
37.182271819277624
38.444151143152375
35.63864815576063
38.208144276896306
35.5430295491781
37.2918823139552
38.02598355432193
34.03153068174796
34.732679789399555
36.38640105888083
35.41603810550825
36.46065851172948
34.31357737786445
41.39753764036554
41.30986638297227
36.50319303451691
36.906976501384044
37.45145251247848
37.61381644526577
37.86964166944137
38.78010326487276
26.13851296733275
38.71375102769722
35.585072494899975
36.70418439455426
37.05550574930081
38.02190310003383
31.563150127172218
28.454182694114873
33.762744171973566
40.72201133911638
34.84932917239965
38.43942889241306
51.38292143376067
39.62573277549007
32.92076345991416
37.70830593966409
39.82735386618433
55.48782844415132
36.97308016114058
35.959671428307296
31.087962259325117
42.18127074683219
45.05156336632241
37.92273314066304
37.00160193120433
36.64629504810621
36.841475632188356
34.03709947632809
36.12151699375953
46.26529015653205
37.322312946059675
39.17530035467291
34.832184497719204
39.74469324644465
33.18082056471194
38.22956830457828
36.73858700447381
42.2499426477716
41.321918815381274
35.785483022062905
33.971085957668926
37.83408599238981
38.02471820744452
35.35281650381717
33.28290765095942
38.84500338251124
36.33348620730479
44.243749546665
35.20567566607692
33.23935610329977
36.431331728538275
39.524675429127704
40.74990570113468
33.86768679529579
36.70894390791955
39.274829894320135
37.692826206109686
40.90553378682129
34.77878363483029
34.50227784232936
34.45711355492162
37.6367259559304
40.56070394079746
38.450552937110515
37.908434003537465
27.860908815359927
41.14775699648547
37.06093709899084
40.49986026184782
36.34259348861754
25.24568531410994
38.238512382774594
37.03707764426261
34.51347468171953
39.61810630291902
41.52453128566829
42.33256669975395
36.26679908085438
38.0893539250404
38.688911059349195
37.73429883659486
32.95671178914907
32.69227842849184
38.245930650775044
40.22004396019593
29.68521380572319
34.79505132197759
29.45027763253865
38.47144412678735
36.27447957842988
35.05258481577772
37.32063301956892
38.095303969106375
36.99795688129707
34.53836386868807
37.05213671767412
35.67089794238676
37.53273670489817
37.045323299978996
41.50595593846248
36.97314401134007
36.21260160697451
34.04628033280629
42.537981905294274
35.155444820004455
38.00896124658673
34.922293844545244
36.70610885372235
35.42939221649157
43.077416478369614
34.48821522090641
35.653451263973075
41.49031316644934
34.98982448654783
35.40786926165471
40.862670672523194
32.2744277498394
38.306946393688925
38.908087472513735
35.33614156112252
39.843301203901355
30.00765011492653
36.94796072087074
37.20413252151735
35.48949564061894
40.12049995638979
38.69835444975453
38.98561643074034
31.899830575453652
47.012725173749786
39.22734139982169
38.42850408047282
37.32876934162879
40.704351291597554
37.24272785881764
35.148101552893934
24.074326192503875
32.19628061942635
32.89214139094896
35.38356961180121
34.66656218408593
35.12595020377847
37.1982158840031
37.6729815620836
36.755319253813106
39.956422986141526
38.480767819480945
32.310893733423974
37.030698515963
36.78925865403593
24.290697179091794
40.822844458179944
34.64915479638002
30.50150873830401
42.68409956604898
31.17903623555464
40.80227382937774
37.50983702381865
36.87932410578728
29.620087644087725
36.04354427510564
42.33780987370777
36.70897421434836
34.65027063210489
36.004427216320025
36.602879876976715
36.36069285159616
42.77798122229992
36.014859829836396
38.29865874889418
39.145514978323554
42.436376799067226
37.727357379682445
33.30523309295752
35.87767173121638
39.23674894284801
29.043002042958506
35.56809986198269
36.78957976354453
35.17698534886853
34.919858414198735
35.585929458935105
36.11017321023871
39.64653400442954
46.056256177992225
36.586259445701785
42.208175482557124
31.27706747928642
44.6700812653503
40.284668350639805
32.141880659414696
35.507013920106836
37.874981030874174
44.197178214125216
40.455555436940834
34.84083500358252
38.54933698765135
38.93937293348109
40.52045929298432
41.980969769335154
44.37368857883261
43.2230130626203
32.878349180005266
38.794211772481084
37.30364977066439
37.12944966848597
46.2949170770796
37.81482946538302
36.26752881270596
34.810961799114864
40.464141581261266
42.93635575004881
36.67771765770455
34.541920111349306
36.83403022941794
37.093623730794135
39.06297661911967
39.95678142051167
35.295299198897276
37.93932164174682
34.76748529940581
42.131922065201294
37.18824903316901
37.80536462140886
37.735033183498366
32.436998967288154
32.75990554828264
33.03790689274258
36.546029199635655
34.414694811176254
37.49182650533067
38.21287266324107
36.57970031773258
43.61266102694203
39.6835273272069
34.767573145301114
39.14724299887747
35.9956452628157
36.76951802110012
37.508182411809194
39.49040407617164
31.02079486706581
34.4967540053898
33.89587406164093
37.476318996735145
36.21042039986182
36.740138493927375
39.89320716653704
37.74295945364804
34.35434029807624
34.593683976184465
37.101451420481474
36.81998836500604
37.695174388589585
26.10279749930059
44.52248170890398
36.52624189180706
34.85097966823177
36.419149550258375
32.854015219106714
41.4569612318463
35.26600786494325
30.467993632985394
36.98955925253538
37.035912087754824
34.79726095279567
36.785346157298825
37.230820926529084
38.70677620648523
40.06631267442161
42.11730486738435
39.26215433114659
42.317644200526786
38.41762081993263
38.38922239944393
37.48576623985738
47.0903934499099
40.34363625658094
32.624150212507914
37.256600675866295
38.075382660488096
42.14076550672928
37.38667459892851
40.97586197004203
37.81891329370003
37.557840026485515
33.58526738573618
36.632567430437405
35.12143221146742
36.257542831449655
35.55576453606991
32.28799199961772
32.4866723437775
32.903720987867636
42.178646906654144
40.12485686879345
35.633199998880606
33.96441919868592
39.4752576621545
35.23368325585418
36.42817123728493
35.346509543070304
32.43907098761393
44.504606147481525
41.33889893490057
29.29770014816387
28.38916286897563
35.97843375225075
31.960505262472502
37.04578737233581
36.437361981499585
35.89504785238363
34.70809831622056
35.4060150643467
38.75701186699592
38.371179552113496
40.49846702155454
39.00249993426606
31.71175011566463
34.956033133759696
38.34927174116184
36.86682317019567
35.02161490638442
28.750320967661132
39.788400255735304
33.63246950130568
35.33330535286655
35.54043899723125
36.28379125122848
26.33246489849871
36.58449983977741
35.78876477748281
34.91750019642348
30.55751069661521
35.63879248151415
22.618116505418058
34.46913635909522
30.03686626356681
23.431168951911783
39.78678463817482
42.05307494598009
37.81024023034075
38.065645247908925
31.604234456023626
37.96061438254643
41.183245821702265
37.542497868507105
40.08868338407501
37.17220799853632
41.04265171791002
35.03988168006881
39.830791924355744
38.10527648673085
35.7540512601626
31.595286580897604
36.52529515589848
38.6807821171261
33.3912838480671
38.692389931506675
36.16130800498364
38.732985346546606
38.07592013781525
33.73877384147505
37.27280779572402
36.35705269545934
37.6574707288357
36.53093059464834
32.57025402412026
43.80485350454913
37.574769116754034
39.255141576266354
45.9869063555051
43.374866694380934
41.219031963331965
30.92838141306673
37.322142258392894
36.75849597418299
35.63129043728668
36.28347380479676
36.361691016159966
37.48396027680056
33.865488485168704
35.94398612576568
41.553235333649624
43.085400021705496
23.380967755617856
42.08724943619429
27.00512943813049
36.97247913871454
32.25191234821694
37.8643387670175
37.30520926604504
41.523152231115546
39.1677006681914
40.01002885083846
63.48069094526282
38.21973012650492
32.46056591014052
40.59999864032574
40.821250190331554
39.623239878329386
35.496779441661815
37.07825453006234
35.93846863875588
35.032492153895575
34.971575700156706
38.064710669318245
25.850740359728
35.52121162696816
42.79707595213106
38.41613856748792
37.46507367167341
33.09440762630667
31.23460040583406
37.7894433743884
42.61669225445356
35.193511311379254
32.498426669142376
38.222096487541954
39.97911628294496
41.70245380871548
36.83755694225163
39.948485995637284
41.685885109641646
40.62295197607874
36.925842624132144
36.9356960539468
36.486199238029094
43.059963363523636
36.93999549686787
40.33584677805951
36.807891519193966
31.026666076982085
37.925996011201505
39.7268525021454
45.2317348657077
45.56166199398071
40.60048938950946
33.548682431459746
33.82865121884316
39.724286569197446
36.48628156705638
35.823215395337414
43.17951727554289
33.177073376797395
37.922426484189906
42.907888386368676
36.02715343809506
33.63134874351393
34.38639509849123
35.039793337920386
35.9352526814351
36.61752292767128
35.49051294316039
42.688136160732306
32.37248085459159
34.43765923695905
29.862599507208074
35.9875592302129
32.57512894673826
43.84596029709462
37.775696868611675
39.892252611815415
36.56514015603524
37.53076966751661
36.2648617949622
38.943943417505885
32.90444059166354
37.52497871903487
43.31131520847822
39.781648313193344
34.36970170507321
36.25941201698417
24.5622781635396
40.57469976551129
39.23600513282658
38.44366023059038
39.089165139933534
38.045228315026186
38.72432834043475
38.009144705855945
50.092037752448185
40.70720904553637
36.69103202649169
36.43558359718519
40.64104341239539
39.28993860403089
34.99865587929981
36.11864807103616
39.23803110475831
37.220554241606024
34.34053706125897
30.014520081074927
33.9275109384601
37.58672928398743
33.681469513936875
36.77192190879962
32.98616544751261
34.81295783256397
35.61128201684337
38.6824306350554
25.847322240919947
40.1945225067712
34.22979077228785
39.45986075058384
38.16969961190709
38.416657239365676
27.721861795711035
38.29915289546249
41.63429297135518
31.21554185247681
36.08676886441224
37.60391835841702
37.19948229664723
36.52557298459002
33.99544561104067
36.81339164762752
37.55577665490685
31.66374378954264
45.0281202824079
44.38739077189522
41.60668832712221
34.68955212773672
36.294416106040735
36.35587539720723
29.11744195078594
37.55262122600875
34.89105436795607
39.07466398361139
35.52212175758758
37.049872161808885
39.38616381347193
32.60640514145487
37.2575977831452
38.7852250434479
38.563970097273156
34.45173891176299
39.53524763514938
36.88138437301088
37.7336254948132
33.244263576145286
43.86545511187303
32.251515771467766
44.09757951934578
39.306472497300646
43.517599814474615
36.052366205076254
39.87687139264396
37.04673851609689
34.97942709830659
43.67745506552303
34.366932798752586
38.9141427400083
39.48441497816134
36.668312638018115
36.0843700483508
38.129722700055765
38.4351037755022
35.53262640831447
35.445670464902854
31.993633780865466
36.252064294730445
35.170249938606375
41.936311116197224
39.00310345828121
37.16439510753231
40.123757301839255
34.599789695737556
35.92292394211931
43.810847280103
38.46635608374961
38.9682235833046
47.3259878700394
38.20037552250786
35.741253124363034
37.238396992188896
29.098303202966232
37.30886916373315
40.64311191707357
38.326010672118386
36.514257998832875
36.44517889512624
38.867945390886945
35.53455051514557
37.40051449271509
36.49505891725997
38.034569708093294
37.9176355689739
42.110395206154884
42.25234217911453
39.29006350918486
36.18486550644677
38.70839055032597
37.56363127003922
40.342775128812605
30.770348041460657
43.772693088909605
39.957486683476176
39.06677143517929
35.98306899601868
36.35615249797164
23.489131202097706
33.680433294554724
35.43273854445162
37.152194091678325
36.21597283989411
36.90006232601914
32.93833944247918
50.141817502102235
39.44428027880961
32.471056328095926
35.304834174594475
38.93162805182174
36.191506721038536
33.91517732273025
31.164956394428437
34.415926760626064
36.59150919711855
45.45865652276737
35.976509575082396
33.013652349751254
37.46927997641113
36.631854490620924
38.02598894691003
34.539658081509174
42.09466605692317
31.66261982609735
34.21179129894452
32.02704184564059
35.71912733394208
34.46696711784538
35.32037004436911
44.44905680286772
25.768038068067796
36.23278738450969
37.51421154096066
38.82143662361872
38.67582711026586
40.00479325737694
36.004127292651454
40.764892064119834
36.0598005012008
32.94797097988584
36.92946573111814
37.00357065309833
35.86388095411789
29.18829036685191
40.63640584218621
39.258886668222495
39.19651641274367
40.26524103060011
36.21506106498946
35.1336798828262
37.53358475583658
36.29485669164808
30.774781250950593
33.90048656964173
35.845759463567525
35.433488070208
32.864034409228815
37.23547570148223
36.12163516932532
37.46524994881681
41.69409666217499
33.820495245524725
38.55086804813393
46.05289298260828
35.47226586546051
36.96764071520734
40.87873416814341
28.197320771182994
40.75065118862479
37.84114588815448
45.545712606943205
36.31110490837961
38.01770131599246
40.45228776296554
36.71819257169838
38.46985968645391
36.99923586581235
29.608057224516095
48.62645833473085
37.9354764130187
38.004350217051055
31.254266782851793
36.82155228464189
41.04248397438714
38.25272749784456
38.30892768882906
38.18938985575114
37.95870757280005
35.03391713055076
35.609424741094074
33.70394757491188
29.06034929997137
34.35526869710237
41.8896263016554
41.20732458712885
40.92943587305758
32.50377583209471
40.79551216373809
34.90110336622636
38.01006682477293
35.46053449223172
30.722584130409025
36.77200772844624
35.88697437757522
39.82735794154053
27.53834519731259
34.23870319561442
39.76697610420723
35.86514733252394
35.5474417121307
37.783275845921835
42.6620435177177
36.14026657952236
29.24447178829145
38.943842472709775
38.84203524862686
40.94999351674314
38.54333100030159
38.4339682324873
37.12830025615339
39.300199094355264
37.17587438804691
30.736615217262276
39.439516964030474
37.389307558900384
37.71018204428959
39.08237176484538
34.73625098070281
42.69286663018211
31.56083344046342
34.90196736084768
41.48730750686277
37.03152038301002
39.993015438632725
40.08667541935899
32.29380741433023
38.47061842262023
36.85828538419521
35.48661578631876
39.25457557838472
36.99143157166741
37.82950317490345
32.7909283280503
39.18832468053943
41.87069770446159
30.536372674068218
37.26895213306737
43.28522253656391
35.251779800061556
35.00197802847565
39.03805406777944
36.89403593757559
32.77561116552384
40.103829898898965
45.24308111922423
37.417785313087414
37.845462250636096
39.40375480364295
36.315047265577135
34.41612620848994
37.30616963991019
35.82132801649029
28.274718350293476
38.224622670724095
36.90201248693217
30.839812433715082
40.435556097162774
41.237199248129485
35.3582554266892
30.776968251432532
35.86757577824895
41.190412253190814
49.09092281782266
38.37252189220337
30.792775233923567
37.26057123473467
35.37721569482916
39.82682185857776
38.38106505585003
32.258445232347945
36.04681297615553
35.085249854617516
31.325542024604648
39.03731367627678
40.12745967770516
42.72002748394208
33.43719262461802
38.45118421528718
29.7467580828493
35.92029150146176
38.01748140348792
32.733399436672435
45.36275250171758
36.45553903564155
42.065224212260794
30.87145646671925
26.562321824186895
35.27872523173755
39.400047418933596
34.454061070009004
39.931664773585155
31.42485543197767
32.27421627758814
36.840174045433734
36.19926758181386
42.371691184385654
39.6487261949042
34.63455646442543
35.10614068737734
31.161637244446133
33.0940956923899
36.76010720282672
39.149179024692685
34.12420431170208
37.167682382585284
34.765829324929165
33.38915584054486
43.08611782460424
23.04319759820263
32.22274523351964
35.794299891664096
40.430120347058526
41.44790989863342
43.52075700887191
37.37048564290314
37.26436471920728
42.13163912768461
37.5968364074657
38.68462499175301
37.49922055466545
36.44124494839315
39.22085857892132
32.485578066464186
49.610535404750095
32.30657110792323
37.81190199640872
41.10695723478182
43.177479352515924
26.15972009439094
36.24316882213699
35.35061768530927
40.624040982827694
44.86702237916129
41.47548939593614
36.90826098417013
36.41786996144262
35.191518633423755
37.711089024072024
34.67161263174905
34.975515330666624
36.6815947923832
21.4390667795596
30.673791642754484
29.425864502726753
35.515873880573366
42.12525595965643
38.28984453476673
36.42990565470042
33.91442229740231
37.39148557281568
40.219774419313595
36.5429332529007
44.21414145884186
39.175966412347435
29.96519780935075
36.76789012115171
37.87114638260695
31.75678587373958
32.78525634593962
39.32953849721327
37.16122237400599
29.43837466866134
36.54848616896343
40.812382801557874
46.9834117787218
39.19816420615271
37.48705994643955
36.57241644192119
32.564613882513626
46.638067160437615
38.17871793881623
37.17117358911193
37.53790335555201
40.21484822692042
26.84831662258394
45.64821846959656
40.55563399067772
34.184113252926835
37.010691866052085
43.432212255163606
36.15952098738747
35.47699416269891
37.57683674225496
39.03792448737236
31.095961889645043
38.52903121541191
41.792417797051606
38.71579740815901
29.617565216438198
44.0833654304203
37.832413654937895
37.44113253363806
41.91913715401132
29.855081659669946
40.115799123748644
36.19054209719193
44.960640219870065
36.371068930501586
36.02716482027427
37.84259659723962
36.59027006258449
36.71939075770644
34.91686160460386
38.441817326873284
36.82431738100894
39.512179745914295
38.54138531203961
49.058392130345894
32.11952098977069
34.044136268243854
34.94649030511465
35.80418252526256
38.06946490634944
31.695047556691456
30.37055082237925
43.15498548929929
32.231097805687995
47.62146203063891
28.81056590222008
37.681635465554805
33.114197585888505
32.47759872919827
40.53523820142149
33.99791227637366
39.693857950937684
40.07530040917567
33.64203055579256
39.833755505709284
39.701447520996155
37.36416284787258
42.616115746775684
43.82898783940169
33.28008503931733
36.67812442683146
37.128870779654456
42.5997309230161
38.21434492058193
40.82381822407596
34.31030931324275
28.73523332064483
39.274757703907134
41.63513599897528
38.540175731452344
33.6081682486562
40.86157712626505
39.41362511473419
30.738554829947766
40.46743023549921
37.007950578430545
35.86218405436112
33.693171755953685
33.50828896916342
38.64574949045736
36.15674919392938
41.47153023410715
40.71314303526604
32.69378136873044
38.032727458149104
48.762141941342875
36.83761379057818
36.16346926336567
33.403968703214034
39.851800749421336
36.8558285348779
36.75319544834592
35.07261334989399
46.56396109917021
37.25893119007788
42.045675248730554
37.4580406029125
34.86774336049029
35.91145194492784
33.13601862082893
41.24378878647464
33.56066592056359
29.518565716649036
36.04812444641955
37.34504531426933
34.46328403929211
36.52256567286021
35.0187620637054
34.693874166643866
36.385647348516635
38.03754062552328
31.10426742238325
36.100663025607304
34.37301654218994
39.92012386864627
36.89422725715204
34.86161827231542
39.86476247487193
37.42912450026489
36.926741435914195
36.03375616622901
51.141487866240496
39.66002703468542
36.83156472874018
32.9757557330252
44.37638481272636
31.157119065557
36.776913482378774
38.79818443626368
39.031841769811905
38.19059089650739
50.31138809471595
38.00328340228884
38.70032979596817
36.35692880129908
35.61492428208335
35.53348171134916
39.38694010715281
23.46554977303342
49.734228566346594
38.23741482695679
42.1384136092772
43.6238150320498
32.42677438226969
37.83713636213565
32.8384576843712
35.72642597752136
34.35290784244133
30.053276668574306
33.62891160052453
36.19498967961261
31.39364733685116
41.422403545492095
44.23869313270798
39.281117719814546
36.0851808414633
40.31363385682742
35.07194784478099
34.19400292311668
35.22522070945999
38.89120301855147
41.42639272132603
36.879547827920476
37.6921788549512
32.66643028020188
36.32800058329304
32.54098621761365
40.63420960552772
40.734626383345756
36.751124621051275
38.59651295023916
35.21258411513472
42.960245471015085
38.73264929050254
38.42387180950205
34.82601139328011
33.265068511784584
33.47336458454855
36.4639527073636
34.40473464613226
36.03644933912078
39.34941414761854
40.66796391794688
37.14914898618467
50.05195623456437
25.370961059443765
26.900487092404028
40.852459411632644
39.22186858815273
38.21957656917244
32.643990837109264
50.219788676107775
41.42265881246623
38.082500010461246
37.19751274080358
36.8679519332926
35.127560807278186
26.227852845393272
37.2608738411654
33.72530900038848
37.82519588856192
40.17194407681921
35.84029858946004
34.90400984508932
36.62846256676512
38.70580641440898
35.649354917046395
34.990263071318594
37.436637791812714
42.7787186025777
25.718915222548457
39.71866026947388
40.01585907887086
33.59565883931571
33.288667096492524
31.585981243116507
38.32046988016316
41.42572047076154
32.17946174465344
32.04968083673947
29.631952870988584
40.542740431704836
37.64398164452928
40.10566904939353
31.089591762707492
36.86008989714464
38.81430722194129
41.940502667125884
39.32291596232481
35.556291382571025
34.20492537397752
39.414986471727076
35.57270972899734
40.78099078036107
39.54762673655661
41.3106804673314
33.554218029829826
35.06304691200213
36.12631916165902
37.07931013132396
35.106787008795436
35.151495376733806
35.22848066080232
39.93821999202161
36.0442495326794
36.47693071060488
39.63222435610173
31.947907080359396
36.036763839555356
40.68817864513654
37.4321744894297
32.4614234324083
37.090996317793774
25.319902533567127
40.34149479820698
28.30627407779579
37.77558992976118
37.173476294395726
40.06781371217547
35.86032248672437
27.47016271700104
40.11470154043626
41.01880621680545
38.92367420470096
36.507189200574146
34.47838659932843
40.62155318609048
29.147276915039132
36.811023340444535
38.218991094427
35.60499407734912
36.650408946779955
36.11467226524829
36.42293441840766
37.712871174123244
36.211340421736956
42.72442274647338
34.15321904834341
29.317287928736572
39.05971806546502
33.78650847819893
42.31262452175281
43.45085929489939
38.176591247098045
41.5026703970883
39.77428564549355
38.28362120792008
37.37153734378139
36.867588834215084
32.67827239084458
39.45714372795748
33.58457374328698
34.01117766958416
38.59748892463785
42.06492260820278
36.81952490494772
29.74367759721847
34.99621107463328
52.45821849566053
37.11569669885977
39.99123478281432
39.88063321817154
42.865153221433786
36.55780855033025
36.025674051850196
44.08756588535584
36.39458427755257
42.749178536547284
35.040944402917496
40.205613516744194
36.29174094108167
29.192599121221587
38.81920708051745
36.98034664299612
35.3857608221214
43.283132001868694
32.87155890148643
37.395696134592576
38.02469763426988
33.478267885753546
36.31097055950577
37.95181578312748
32.35158289929503
38.446532763395226
36.87553476719914
30.89953851442082
37.53699844007324
39.96753519387284
36.422756473351406
32.304451915749674
32.83236466389566
40.1404466337985
34.737152679957546
35.646723968323855
38.427528671583055
37.07578150287762
33.30351262990516
45.96455496304833
48.438229979136636
41.093112333434874
33.62305397170464
35.39267605368342
35.78102176058322
39.54945899348909
33.93436192200158
36.69361363250775
37.33772957304548
35.06357463355415
36.25371780898739
37.60567335264609
37.65349069415038
43.15637342049832
39.10946867486386
42.374673999370074
38.21534242247368
42.458263853852124
40.672678213748696
34.938504478990176
37.77469643354496
36.12653734283263
35.06440723893904
37.86132701453896
39.22158923381729
42.57545021227514
42.7201451502968
34.29222330863141
39.16816718359544
36.52289430334512
30.918116955937094
34.858686460803
37.74382289208622
39.52882794189267
40.75859355075928
39.11345744837188
37.74912240035184
29.909799862690786
29.24964279032394
36.10168911387098
58.141168059875845
33.523616541254
35.597925670011655
30.123368147769355
37.29224403531781
34.5625163858654
34.0853337436219
30.936297386439477
40.17432861915256
38.38278234259123
39.02356918899299
35.87396013196101
41.29851838608494
35.843746418365996
37.922378596275536
35.22396163445067
38.08038230480665
35.40401016498737
36.74372224891301
38.28811028750524
52.09794060740088
36.75444301566398
29.98213055261193
35.99311889420738
41.76559046059097
36.70981496557056
44.668134899541414
41.25376036991851
34.45967143809953
35.795751091143586
46.914839988946035
38.20921031946069
37.18048031633591
29.490287015682476
29.26966231932747
36.04907028153256
26.16980510144698
39.695878847323215
36.31003343043931
39.42195609075511
43.77400470858101
28.975494902579943
38.03279453013064
36.542461530873695
32.19662280667764
36.20971734864898
46.76307302031432
37.54999765574836
32.34434275763392
37.48740078388451
35.726345637817566
38.36094091554806
35.613048413491995
34.73258194321499
32.58648859246293
40.63319583599597
36.814265446404555
35.80306717961656
45.355525326123114
37.318973158693154
45.74971944121194
48.73302956209923
37.288758928232916
35.09946721117018
40.001343258428584
31.12371775421898
45.131507787535114
37.0886325985997
38.50027511326196
32.942312872017595
36.83205475624756
33.80360553920875
40.51997318094522
40.5386876704583
36.56870911267071
44.462346987080146
40.609192451835796
29.879657249756573
39.62573356151483
40.28413484321186
39.687436843305655
41.24672523181351
26.36426999501732
41.02359395430486
33.82436264976212
39.54720838939635
45.20895440315462
31.00122077775444
37.72329265235367
36.19851972219026
36.311870707465296
30.48524462773944
37.340527220991405
39.88851158241917
37.43921602595069
37.753354944595785
36.9803165996484
36.678325884948336
32.68876977427289
36.38858175590673
34.96119116335398
39.16086450037976
40.675406438804266
43.631386003683254
41.77746721175413
42.145454844141696
35.71951740205592
35.06345631558884
37.57741844990763
35.10126349466624
35.44430378791192
36.5395965738234
36.89762682871791
32.891884955969296
39.64814449087332
36.432071556147896
45.86410403095056
39.23002626067504
32.68263413776444
39.44147403173478
36.93844837817316
37.74490389874319
31.26675632527726
36.887371299367025
36.60474435502118
42.091455858029036
31.728266779815467
32.7211663196223
33.12740888597742
36.37639575758534
37.430876132175136
32.84365000016921
35.29842510465821
37.971423084984536
35.556353503911645
34.69848285692071
34.49650035500841
36.54584974715314
37.96096351444756
28.917372564225772
27.798279310667485
42.07709888362423
41.34491619266521
41.4972548912212
36.11580876210759
36.02979342102955
37.460020442877756
36.39826371714716
29.063862736855
36.78161302851795
35.93993453124526
31.41301375033746
36.29078649978795
39.28568367847462
35.99857696673221
46.61265245071025
37.701227383966334
34.94921664680274
38.18249951893099
37.2455980910743
38.32440207083082
39.211943156105306
37.17995786754925
38.18689545858721
34.53095559381331
42.78413113618769
36.10199835089839
31.706424618816683
32.53269507803416
40.867622967361086
36.95470192978061
36.8831071171681
35.62363229602173
41.947526040875346
43.036766577566254
35.507609976986856
31.975893307333656
34.5889490946203
36.98316308267758
41.9025692110492
39.596421938625056
42.76668393093405
41.93606430195555
35.97392201474564
46.29806346487419
34.826055534975865
37.5880110402047
37.141804051833475
44.08231554043945
36.870617890380785
38.815667864969114
36.97089640653591
37.48789268728211
40.53517411395076
52.949502262319896
34.27028580157485
38.54130774056154
40.48800784865792
35.132991423650246
35.4558126404643
34.14327395651818
37.19171035946468
37.99959922308295
39.893285302726596
34.5110318418192
33.423846899571494
39.2015236334166
36.99334226934507
40.178968280518475
37.76781269778245
42.750010780027395
36.97686302327811
36.93376196737994
37.29028709901126
36.51931487797939
38.516894333353434
39.238507389557114
42.205078476312764
36.10579087755992
30.26830396806354
29.73836635750129
40.91967236966226
32.75658559787278
38.17869763460639
34.448269787308476
36.518822666742
39.89513765836872
37.442104256206186
37.86563263299866
36.8704477014401
39.0125145314651
33.46597912389937
36.34353495091439
32.549500444100815
35.21257961219195
34.000661515668206
38.503880521000724
37.92793197116184
35.11036786187373
41.715224497422795
22.911217203175514
38.716007002026416
35.98215672002542
39.273248976610326
38.57939352416651
34.940704204246266
35.950235863163265
37.56523712905887
36.458911420869384
36.83253521903084
36.07298209619361
37.501561730711906
35.98939801903773
33.03646283767877
47.18156475299929
37.92964985195964
38.85161854457881
41.49741592092741
37.39032920573804
36.180761426310056
30.671352772776743
35.03486150033525
38.79834991108015
41.88001455490809
37.7189897388927
38.90053469529763
36.4047713239305
35.2008359361441
38.5020570691394
36.134172780944525
35.57214987520444
33.75281866786386
32.08174065123445
35.3492345950785
40.057005955175235
39.55699310916943
37.95384986437072
43.01619392707853
37.6253587417355
40.27660796478696
38.348445084008496
45.434715866607284
36.55082991371802
40.186236349287626
36.31841609867758
36.766435430101744
36.160456614340575
35.82986204648487
34.63639207361227
28.464259334186995
37.37392063995673
37.56095241334276
40.58898720482897
35.32998820701374
36.77263186285349
44.47572507156312
37.8862606958287
46.41807865953716
36.48061774992472
41.34847140886801
36.60590269785134
33.1053270170635
39.20531242770003
32.41508734074631
33.16499601076431
36.211459819036044