45.56051637572905
50.262024153401455
47.27132437448033
51.499462494474585
47.098709718983564
49.86567942349563
47.73627117365347
45.44581363682948
47.72550477556459
42.594135504465434
46.71519023321945
46.53816650217131
46.66075180181449
46.410530789684856
46.252328857714936
46.66160512038351
59.38889854168828
42.546077328294345
45.603055261526606
44.65765960751686
46.969659760255475
46.36265340807134
48.268972845290406
50.69449996194335
48.70721221600709
47.69709897421664
47.35232198506817
46.60570281886803
40.931603452109286
43.213207909484524
44.904852343257545
49.471029980835254
49.933595514992135
45.70097770220944
47.066268632557964
60.67864085473764
47.015021976506006
42.09988829478712
50.07099258616976
46.41656050626577
44.930455430770444
42.366753987403065
38.23656512608087
46.0159258943323
54.28072731642663
52.57167106387091
46.20314354162993
45.24095650407169
38.403283562403494
46.55987846791124
49.49225458031865
47.317553790766766
42.11682342642628
40.01442309769429
46.59815105196588
48.2973554022582
42.609893023151834
42.91760975266805
46.02849941436622
48.02147806712743
47.11973519957375
47.476664726405545
49.635474855779805
48.85714915114652
46.226436988730725
43.47110987369496
47.74791451600932
49.276378293784255
52.24736737364943
49.15711229196909
50.626246074609504
44.575716140335366
38.670693969201956
33.88179716248268
55.74279481042741
42.953630992984465
54.51311729664791
48.93493364718815
46.62467379726438
58.508491243821894
49.112005593052835
49.10339026395383
47.22401713049329
46.26255156676471
41.080287301686
47.57064901544092
46.934842127262414
42.520705039295606
46.098798088896885
46.520166756241096
48.10267698201341
44.86920590728296
47.51934372029275
58.531292766359854
50.74836613817031
51.72138291105904
47.056472508168675
46.065913403809574
54.05368741076447
47.13852342259104
53.98379912553177
44.67176412015301
44.97650121347033
52.269645970311714
43.28554043127293
54.64675621936063
42.66597844787174
42.98789982601603
42.78869482705771
44.397225826040504
44.67102858461478
49.3372293470349
46.547377465593826
47.41872557110812
51.144226136579306
46.124996691776545
47.16715766579893
48.149143534764455
46.559077638006976
47.187476921151394
39.06503663374311
49.65516245139807
42.64953957442616
48.51746324086669
34.529675793441214
49.75700624444164
47.26831066763053
53.21050022969234
44.76193024208328
47.39967696473125
58.22604489616705
44.519928042116234
53.62401162390975
38.83083241067827
47.3492715585811
52.04682301130563
46.610780021332964
42.252491018529426
42.29423195496843
48.55234553547175
45.22570692551993
48.25695335730306
51.38724811018266
50.69393608953208
41.88568129197531
43.744410443132864
45.70542107396726
46.84080488099618
45.930406277211866
45.49983250058567
44.81521819378594
51.39729073386189
39.70787842606838
50.89649196021111
46.835195058431644
50.87546868972448
45.80796221052147
40.37551467202133
42.1666746529561
47.18707488122928
42.428618640945686
50.65086975438222
41.797794651291156
46.374988608221976
48.1345930692517
44.51898215214289
47.750748372410754
42.75677589724063
44.21194217359427
49.03271620445048
51.4241744216605
46.24906440440512
49.32439140384576
47.537019313016074
49.34350957580301
55.5443313049513
49.408286740523714
48.09691177459965
48.96164303615635
43.33723862493107
46.40966590274019
46.98822657383762
43.45183314149634
47.93116970236306
53.05563346383241
48.33958447370882
54.518647260937215
50.69239843168268
46.20999238527579
47.50064618277038
49.87313072811987
48.67956203137595
38.500195543066354
33.21879983107232
45.01585505259703
47.58432451533054
57.41523054530049
49.13720968442939
46.11052719484684
52.0539894430032
49.834099480450675
44.714384143235726
42.789642716644906
42.40904628377465
49.56672319864001
46.88116449567148
43.20831984558156
47.44226914911755
47.083337661580494
46.08783125621877
45.61198118685628
45.10675304833228
43.57598496685418
47.21266122928971
43.384141331805964
44.33678901252382
39.995610372571605
55.93785598589011
49.36717831918794
43.868447171920025
52.88511657731901
44.7754562071803
51.94570830406828
47.78460239266601
51.6862918544492
46.73389882605085
61.62986022297463
46.199695195913854
45.72818314134911
46.15348668987166
51.20238866609979
48.66364691153833
43.76883708906387
47.068926660255414
50.38684234384232
44.56006030180967
48.9872884659532
45.249613771817
46.89646200094533
44.18493965725675
42.054586822373416
46.32645067205364
47.78639731296877
47.77201691624971
47.261758153525456
48.32537986558326
44.87570410930709
47.20936117036904
51.46136176074813
40.38714325275089
47.19125916225012
45.262865641659744
46.237097647849986
43.76725898671439
46.44947862055355
42.07707060569321
48.29230809036352
38.60912171092863
48.59320595924142
50.16630831535029
45.96629170956965
46.508830725844334
49.65932507708277
45.31145236681919
49.33192372266414
42.700259196981015
39.29370012508541
50.889378291531074
50.18434099278928
46.022502912240384
38.77641707391243
41.522903087418605
48.65116335605003
50.38662971540859
46.380786442653225
45.38146392082879
47.846082160233756
54.97393388033914
47.31414637260963
51.25152328795373
38.79668406670637
46.214961030587965
43.38577748907841
46.44209718078667
48.010889599670435
38.060622533087525
48.049317912943835
42.35365031499674
43.503007082246555
45.214550629987535
42.045343579394405
54.50994976894368
50.55225230800089
46.7903616246305
39.57152685314368
43.42543458822775
47.44682916558493
46.623833761880256
45.30323984368412
44.59883768926106
44.82900110303576
38.910926244897894
38.059830012755974
54.569769685066454
46.95313044440308
47.78071068907084
45.04843673195771
45.26747114085256
47.06386895431005
46.09478070866452
43.55414448612414
43.612869683955154
43.06294125915975
47.349044082545156
47.66484418196177
59.25089102312051
48.06312812947621
45.9446164824187
47.249514922007386
49.66963555580246
48.45450683330832
47.716370436808916
52.71422583911719
47.55385069440415
53.34598620423866
53.84797837653941
45.91055153269504
50.789905270613374
46.41185353063727
47.17547618986189
41.694490500424976
52.67784224628642
44.25712268211942
60.5944659164582
48.62692991620627
47.20810067726969
41.214933725339485
51.984044453966725
50.17712596769425
47.08047856008428
37.2313273267907
52.89726228240593
47.96666594919691
47.00081973661097
45.852346850064464
50.98480279227244
50.88950051681033
47.12887989547817
47.53289663093614
50.97160380831144
39.9827775996736
47.00000045878432
48.62821129539824
46.35679164991158
40.264927287094764
45.86652223697458
46.67005498467792
42.70415516054541
44.419925092279755
48.27788620010468
54.84144933962097
42.68357718905594
46.384944992598236
48.323232208822745
42.05919451897704
40.62549665288127
47.00041716655388
49.49516186040198
47.0220493826545
45.26222620518774
58.90302296600951
46.957569216980886
54.39209664721314
48.84026244247295
39.94474636847846
45.11151569787445
41.067227412767764
49.482913113140086
48.791999084735195
46.99944614792382
49.223948677205954
54.942658201207124
45.321491394891
41.78357042154049
47.32114570593478
49.1251674107512
47.26655901947829
44.649855560235025
50.10233983814604
49.019067820025995
45.064255895117
47.290819000543834
44.67499416963871
50.21915597620322
46.990761725912115
49.24038237397851
55.973443051111275
48.576271233737806
48.580247262965045
47.10168604012545
46.24295236414097
46.53203360977157
49.11114290624751
43.743798191139156
44.77462797166257
48.4114866282453
43.23617172572228
49.952719160381754
47.24335462719185
46.33928268283831
50.68261884148208
47.486992682723496
46.820998334529136
44.28200379170058
47.18779453460466
44.6209326756602
44.99317279884773
47.44122120938236
38.36782157727616
47.61655154882979
46.559364116098195
43.41296160011534
48.9644590494439
47.40989399821895
47.419310128381056
48.067899638571056
51.00855366697773
46.986681549675225
45.206523672245446
29.641967540379557
49.35578210893475
49.667110944421275
49.18124656144408
45.67229844324802
46.590463175752674
48.81896283667495
42.63556579117974
47.1329342394851
46.84571347488242
33.371637403578895
47.852098682966506
46.172349794794506
43.36292245570906
45.71824236957077
45.369835091045495
43.790178944740944
44.87951316946912
44.222864559156946
47.67908836427994
52.030462722337425
45.83557784368346
54.33775001003279
41.425793926360775
46.71261168457781
42.1245802028949
47.50926210962919
47.102350862618
47.23047319703423
41.304460982446535
67.43636827749981
48.253143939278054
56.137270747343294
45.688149448111304
44.49853195022535
47.04509327290025
45.89905777369989
47.455468093298194
45.16717133678496
46.90245515895735
38.51407896569226
48.76358344086011
46.59660965754107
48.578368746894455
54.278638233458835
52.150388466801125
46.10372617835344
44.18892931145036
48.82055256052794
46.02390452320346
48.4743679254034
44.91197695964604
54.447978009349896
54.278467956498986
47.507419418939996
47.35451822892315
47.20947421591608
45.00359754896851
47.87419781219491
45.40853906968917
45.65288731864168
46.484012050436135
43.41772139270527
45.38871011811594
46.59084775562746
47.36461805343342
47.06080723659563
47.47626493942298
50.66635889303409
43.48109707912863
51.91284937741402
49.71710576579957
47.12903959916644
47.12608437247028
44.77414927836908
44.317025821348686
44.36781884582996
52.539335218217964
50.278677043376
38.45790396342477
50.48691602180405
50.02527224461821
47.02655346069961
52.33442802787513
47.91148751754219
46.99506195893691
50.012130239170666
46.84833055918081
53.26037208506733
46.09875358734809
43.76555650495218
46.726498464663244
46.36386351987888
54.47567693859572
50.92987333042073
43.088023531272384
51.486041096471084
41.73296425080225
44.21062135022756
55.60796719522397
43.33996385409594
47.57048185788895
46.94620714944697
47.38395543557092
45.81990999867895
46.07372350375793
41.69081467527278
48.44456885493938
41.47603585154442
45.25975912928101
49.49849074617786
40.60957945192095
46.25992601734874
37.53254782581514
50.40658156921342
47.369793189452196
53.22234773487807
58.645008839206156
47.666869323670376
49.34747202764542
47.44418326139241
47.9727775481794
44.44488961397971
45.444655336153275
45.917083883454126
47.30281976107154
47.25020355875208
44.34130677030212
48.56449536547561
45.68669801204351
40.43202650840537
46.80800542935366
47.636181400099574
47.3983902074876
48.74289879535122
46.0593874747246
47.27720032396884
48.108900554674676
60.41730505373073
48.95846823821908
49.63990730005575
48.329822238331445
40.01508292211684
47.226088352093996
50.521755356581075
44.46868330150391
53.56946145636607
49.37870351028499
49.17142874288436
48.45448465142783
41.158990035925456
55.07539826213175
46.05281326919161
48.68990059795523
44.805736502241885
46.445138861013916
48.578033317224076
45.43657123196912
45.708604994081234
52.280863544758674
50.85056163865238
51.6759646814698
48.953459581139256
49.239837658516066
48.43086006832039
45.759604969865144
46.794418520152455
48.678196469354425
47.75662353455654
44.23307433786077
47.215230830003854
44.55416276833452
46.815933255806456
49.639846323673595
48.0142689752701
48.38186440148299
48.382441677099436
48.9020859609048
44.873508844271626
47.39121624232105
47.927492798769315
43.34207142952661
50.28950974634652
48.18803703542757
44.785396286714665
48.345985349074134
44.145631068083475
46.35091264502331
43.22983383453361
49.624213394485665
48.62981323583376
47.25601045367353
48.66257158387908
45.839258369206064
34.99424434799282
47.71654180623879
41.48583881990655
51.566207025843944
43.7378675917388
46.33555276143616
46.61220729013915
47.00384604466252
59.596118166624734
50.76069212206602
44.87697823600698
51.668044992889634
36.63862269388616
51.37632226742438
47.399636280949835
57.53176984960331
44.90347022530933
51.235276203805334
46.21621089106206
42.4090685818176
46.13268463224764
48.874112193957565
45.86670982675588
49.59564926656661
43.42236654608413
47.18637298877641
45.59084990048534
45.388331843952024
43.917002719872904
50.21678453478341
48.66972723753003
45.42103262909936
51.15243429894005
45.77707777363991
46.48944869843793
45.71205840064865
38.71405799683703
47.84919545224251
61.1531393954536
42.50008502014825
50.96501191449037
43.34781413137155
44.61288694266261
49.78376061858584
48.01210723170451
46.497674935547025
47.843170815482374
45.626469934241875
52.04656894688456
48.24576838539073
48.42302024897139
47.57023320999996
48.5466645521347
43.58505168911688
46.14486392618593
48.72753379970275
53.17779258300329
48.05431201081395
55.206856127256664
48.195470590055685
42.477070272732924
53.18371137841854
47.72811940802342
44.8749480818925
47.67945852110766
46.3447974534055
49.07247399936749
43.01759116507788
47.765080093685285
47.85891630000071
41.69394265216615
37.69152393865387
41.396089063055925
46.16877797960651
47.34371160183069
47.77495659291245
51.11761284292809
45.608967072089044
45.986967710240975
51.373985266053545
52.68184973664557
45.892507346402084
46.737527083828894
45.340343151392666
54.73580997026528
47.52785943083395
50.344989079186476
48.69943853651026
44.092127947134266
42.753952963178676
46.632595017963254
46.83778517394165
47.772065153474294
48.485237450780296
46.41373536833804
46.93369633181117
51.04456577254649
46.37099308312561
50.32299086233561
47.769302978138406
47.99433687182294
47.809798918124066
51.464071578341816
51.00096522915663
46.900358969012515
45.84546385493893
46.33354655918067
40.9427452625437
46.40688580568012
46.235647588948666
44.77685282649873
36.85374740535195
41.81190687634263
49.14145476821408
46.55633903147975
49.71420514900383
48.08625319367163
46.05972340766896
46.76133704599023
41.92111084047537
43.60681411343608
50.09195098906212
50.689655101491795
40.891352691488585
45.645008796748904
50.55762352925416
37.35798911560957
46.280824991623454
51.52614989924254
47.807716096887326
43.6273941603916
50.93446238520994
48.54367200717714
45.056243868881594
47.521297448816895
41.253787834482154
47.57704660678317
49.030707106582256
47.56911235682211
50.89063821330189
48.2576407632978
47.75047506905178
47.047773053747036
44.49897508116215
46.98766734970294
46.53953841810345
43.50222435560899
42.76984870663998
48.08109292664773
38.286523762389805
48.57299967543806
46.70790524870404
47.799522971156094
47.451896091853094
52.42009606063728
46.310126386998206
44.541927372527944
48.10859288023842
49.56857778486836
38.9552689780823
52.51635379490641
53.41595857003597
47.95026704026281
56.89240336565294
52.79059248569324
50.46833643687339
42.87936358798994
47.65939052367308
43.083695919924395
45.56931490504848
51.155789410912774
46.93805948418603
46.73533958422101
48.34907860316045
49.39990899699046
43.70144713421665
38.53127058523686
46.26831531305993
48.8154420923628
45.448421620167046
41.29445338297369
48.96599127374061
45.852815721918844
49.566777849571345
47.08849550210227
47.434778041879156
50.40285854665512
46.616542688865856
46.56981095522079
49.9603600194205
46.227673040859024
48.14363648077793
50.6724228700244
60.515082465498246
42.14587706844765
49.23991642707816
47.35415338739703
46.59234515159591
52.687544701635304
46.94194577567387
42.242076847336484
53.38048353325922
47.319692190114814
50.76542526613436
54.6206899473364
48.565524444263254
49.61655595748656
44.59122538197557
52.918869291243205
60.22975383759859
49.399729578274325
41.448019154882395
41.54904811776694
48.03292296859117
43.4718648011967
51.713835975515615
47.41916238189907
51.02610588969669
46.46890557540111
48.23831473951133
48.81152178302045
51.27689624900371
47.854116050841355
51.48256547048771
47.25115255378919
41.366249451730816
32.8196552520662
52.74194770002356
42.619467131125816
42.00914013832913
47.01453349197031
45.47326629142492
45.57821144918185
44.78145007551997
48.31471377286273
40.605864836885885
49.47320964288327
52.122582655764816
49.822775768541064
50.239045480988686
49.25713250195479
51.1181706827629
48.590387997079716
49.440130633353476
48.294323759314125
45.47720823352825
48.72380544733882
45.31268056184708
57.826781669099084
45.473051360344826
50.29235795050339
47.84822375227125
42.67817168369704
47.169150015094296
40.313222463944385
60.90899345049974
44.460686339727026
47.05570373436245
47.29350669315612
35.198037349317154
48.34586830642405
41.01983768716113
45.188160070163654
51.89798847631681
49.94227030811619
44.58119070453538
45.02831722466515
39.07650073798892
49.706946851170976
43.861316078408514
41.97447908839453
47.57847423436201
47.23195362346044
46.26608226224164
45.72748051963879
46.772825006109684
46.07812113831251
47.00202911111843
46.946273070007365
45.94847269701123
51.840611156942
55.82362741965514
43.26019187714126
41.7147291930702
49.026366883615765
43.469860976484284
40.50120322537403
48.18797248644421
49.360771640453706
43.92577275086312
54.32023431487701
44.32544116655025
47.08828438446753
47.98542874265379
41.419031248212875
47.075761019606944
46.83093890796578
41.784995957581216
48.49025137671111
44.92767968523236
38.646889854128716
46.95953106307595
51.84345868799249
46.00924862746879
53.470989525228944
47.68017105880445
49.683215797004515
46.69256085225793
45.21537553459531
50.32667447798773
43.32057713909893
43.41740089159626
44.57676139001198
55.500209274485385
38.57632200456327
42.33540729980515
50.30833264441853
47.22242570462663
54.03608457998357
52.5746619945784
46.77285469467252
49.10690631229811
44.26715638135891
47.68835207241352
48.09455322719069
42.00328275321053
52.91928226754569
45.41220515717098
48.4617780606047
52.8840965722059
48.43615546149739
34.91684736017278
48.2952012303401
56.69979976985177
42.28465287828478
42.31966408231086
47.674630259902465
48.64754201209409
50.23512153737983
46.76684235280041
50.26951128729337
39.98138859833531
46.593292525302196
48.51665289555991
43.74515604259347
45.75421714800019
45.80265585235918
45.75826370344783
48.3029029562648
43.71544336616784
57.97338987181669
44.27684932074859
55.51155547277821
46.85147471759246
42.58266438755466
42.481069909989515
44.09266518744327
42.413920925122454
54.43930448529467
49.5619926399978
47.12444462425037
51.82766753000789
50.71003842728587
43.37389272442559
55.511802936381244
44.205741756251946
48.05213497904787
47.931882886367845
46.012253079838636
51.2608189945715
39.21054876677762
50.126518869956676
49.774254850140764
45.84567717867555
48.84141580010663
46.401101931100555
45.479171194072094
51.67305573084151
46.50740936146754
49.76346982101667
45.454003828246485
46.22225578998918
46.40682815658779
46.727541054045815
36.92414695328881
43.817170266631145
46.98754616991131
48.59719875964328
47.47783096551448
51.77749744397962
50.094335099096185
49.220547641903366
52.655943640677954
46.98824525617205
49.426932918907426
46.762664221148924
49.726313270701894
46.04257922140194
45.818023139687384
47.158066673400114
35.196803172644735
45.13777990346907
48.679993501377155
49.854373175570515
46.99075524931379
48.38971682661196
50.37127120464605
48.517977256051765
47.3112242019296
41.27002273096478
39.808809848460385
43.42509417923371
46.85662219658282
52.61346595927279
52.89827755522117
47.935158597150135
40.18830165916418
49.24828320236484
45.040362830205495
45.09104002702216
49.85532206322952
47.498825283969516
41.55542334439243
51.67726830236941
52.423631611982174
41.666089261523034
47.18199455025772
47.062739803724945
44.84435335001674
44.84202598068131
43.85728927291342
48.373052701065646
47.66284766741498
38.01624713576127
45.521034346670675
40.05418700412624
50.63274492921419
51.093733624426406
46.338882955091805
42.018983439585135
48.518133324003145
47.82260943276067
46.069166491742344
47.52642332733742
43.18144010705503
45.75077385970943
47.717682866353584
42.547199286888386
52.8895726693352
47.00178836167789
46.511969032342286
44.99370950952766
40.80260458470194
48.53694026579036
44.930367408748786
51.63754950848949
47.23219935292221
49.77027339249242
43.501492015220336
47.25532244538293
43.75147106212491
50.5234602953088
53.31175214068999
46.10904896944521
58.29704783619108
52.12602583787158
47.96704347700156
52.22243329272416
47.95168479837788
49.732877201658866
46.653856238441406
47.65804312168589
45.884805513209535
36.38413142408882
43.900841982154994
43.83702322615128
57.77597715897434
38.68188803528331
47.42939161611649
45.34496169357362
46.70828495565794
61.83331175967419
41.9862824097798
41.99709936445757
46.19213809718296
42.761244333312355
49.280153300807484
44.905182724910624
48.16300936255456
44.322979813609614
48.539605100474304
46.302751297924154
46.47210630020341
44.889399235669025
50.307750402544755
45.80102763790322
47.71312782553536
47.22034375502305
45.815191881900944
49.522855953047944
42.882762218913264
42.684980860810185
48.29331323687241
43.34622073515955
47.679233872040406
47.25980003931114
50.05918407897428
48.38592947090941
46.330743655458406
24.550565302165904
46.80020433976137
47.88612394077458
51.16016028205955
41.709170024661454
45.5234880471002
49.39907139279552
53.95893115776404
44.1538654484292
39.931110551157566
50.369348695474585
42.63588900742966
39.194419043861004
40.81901032595546
35.84891861159065
49.24648877720393
56.613840990605375
37.84920146851111
48.951014355615975
55.24936849994231
41.78802774615279
48.88711940331445
41.8455004425822
45.39204605567425
50.36881440049959
47.149061182030785
47.69165331979525
38.02356839855675
31.09622581687648
49.55304124855745
40.71279458314493
49.4494981169231
49.42317114020229
45.075392507801695
51.25915752014947
46.3946570923302
46.89456063623099
48.069926358468535
46.761936013162405
52.476098052997074
45.54397159817833
44.43345429721729
48.491252825912184
41.95115963250274
57.527262479560314
40.35476927385106
48.594839191641455
44.45593459606212
50.814696033413476
46.50221411012335
46.867187897492826
46.40400925228708
40.13413488656221
47.40111917457172
49.34528291873966
47.65243686101767
50.74442381704138
44.22032142096264
45.10375049369259
52.56779906403941
46.632589093894204
51.16325338048677
41.56597095537991
46.99956115308548
51.10178443504104
48.78331508936747
44.37678559047687
47.154687593656476
50.75199849030945
53.647506622373754
56.22285788317781
46.99267860794616
54.961203635185726
39.78227167491775
44.37811249696386
45.70069840354703
48.616891771468175
43.58805425244036
51.03198456887408
46.86352044493269
55.67549508079015
54.743566833883364
38.75322596320809
48.28776232942753
35.408265671347024
46.20557721960213
40.090147110443525
39.89870295830752
55.5295313726665
46.87304778451071
49.43531593410963
45.85376738658149
50.24978863093383
53.25746504763676
46.44536665071144
46.90110639829324
47.86296439149108
43.75486671646302
44.925804121577045
53.145677845208844
52.20648997037411
45.955390001347936
46.44899881316703
52.6362096784542
47.000914463752224
55.0560610353362
49.83442687878327
45.49876974644636
47.729751421451375
45.290236001644544
45.316882149026476
48.60614053879142
50.27439775198747
43.470780144059006
49.753368434145806
48.213161324184235
43.042832901654336
45.14478331361637
46.98495428652248
45.14220448372548
39.76459808746756
51.25679928039005
50.428809379691145
45.384546748944246
45.98148723822911
44.11218919977606
51.60972373440528
46.77890001208752
40.52605855627518
45.55874104277821
43.13189566104497
49.363410186375575
47.68468971815024
48.81293267271816
49.053465995897426
39.95839088057511
46.914257456442
41.74100950691287
51.002029775812474
43.112152202581726
47.600967712077065
62.404211467392244
51.85940084679597
49.36298066689992
44.152957473414055
45.416491718066936
47.77416809397568
52.112019859360004
47.4965647227131
55.988529213850846
46.95627483161921
51.293395312099484
46.13107410262284
40.11796686965463
45.59735585918388
46.48191897095837
48.27337831542936
54.58810833722014
49.70877780278969
48.976033853442175
51.39842750375608
42.13484797183001
48.61208684056562
54.736885356533435
54.59193796245771
47.45326181582634
37.39675921976448
53.312300548595154
54.165568026716926
48.90282703130739
47.39039078959479
46.1540577308693
56.931178682560144
43.48188791905607
50.72490285948326
42.11246411539943
46.88485530241022
44.600154560419625
43.70393383249511
49.16796158502188
47.614782624137604
48.421160126188745
51.39575940687875
41.70463554379362
47.58767769914411
46.18664658661686
48.86779445247923
39.82049589382259
46.63195380831763
43.553924889358484
46.79969125147645
43.20637586621321
48.6595517997598
52.9804689994917
49.4255744381835
49.514545336586146
50.57033328187455
44.01560048789441
40.9419606560996
51.50789265656894
46.60354000313052
47.26353865633037
37.33674292289926
43.13372033466478
42.39481401195194
39.39032890826895
50.43408088038845
47.24709436091634
49.019114261309454
49.964528136803246
49.06003796570536
46.41192142242686
42.010104036567235
43.741254829786556
46.67396382624668
45.227206593362425
49.48255132242405
47.478083844488246
60.006181084018834
52.00842401298225
46.69876262597152
48.230948099605406
45.2161122336771
41.87445473621839
51.92305193283443
49.43595217517834
44.27161422093327
42.748121234850885
40.18212536046815
48.24109482949649
50.930517346447125
50.078850263887006
46.96752652705455
55.701364176412895
52.85146679654633
46.94929833003316
53.11397215405694
45.82385275965994
51.677600078104355
45.785233954960276
46.66547296460878
47.477164794832284
49.449535528943635
47.208275787190615
42.59098632745795
47.482124017953694
44.75187463365966
43.23302765910062
45.013760171753106
53.06536016041593
37.23558404579347
47.48313505078347
45.86703498641842
38.85529648939267
38.239991377816
50.56522243720242
47.32941842724381
42.59776992864081
44.5155468531556
46.28694286466719
45.501383900251334
41.360233313107415
33.72697186834904
52.429009444909234
47.95443667332818
45.107848669541795
44.55672252712607
50.47033539531227
45.204696886677695
46.924896619962574
51.38804623792237
54.672408909724105
46.32362438990445
46.792750618063074
49.76217584568898
49.56685002753155
42.56744281568828
47.58356480006952
49.06355826152917
45.061269210278844
52.22980138352484
53.88467481354925
47.23811747539052
48.81875898838939
46.28965821271024
46.40895829781301
50.187304354248916
48.571706549638165
48.61553366568162
47.00463765576618
47.31983775056123
45.507991126672536
53.77281867498053
48.5097183832808
47.66711837230839
47.7886312482684
46.56358824913687
44.59391704379824
49.19237415403607
44.83105783647447
50.825974663093284
44.34434721787022
51.94529079713191
46.44429932952335
39.91176333434196
47.603502627832206
47.096046730276846
42.66924192209748
47.36282039942765
47.722586305822574
46.875951587595964
48.90276373032026
52.38053697257878
53.568549885474745
45.24948080304818
49.791886926309374
41.652837834453265
45.60542159202857
47.55263034021812
44.369042473280075
43.30204270045146
49.47520953374213
50.947170676757814
41.9669272289658
47.398532934510435
46.86921679306989
39.58837317029002
45.51615685628953
44.896506823275296
55.666607146972865
48.391330908832295
33.76122692770433
49.92571099528316
42.08356931820691
52.33503177064742
46.536291716131856
45.4090454339144
44.87813541626001
49.167650270367375
47.290724750517874
50.26632438281288
42.13855061310812
47.15422221865362
47.96683920391403
50.40566051645848
47.77422780711616
46.46895553006259
43.29493333500036
34.64859593022771
44.19240094441065
43.29992540958392
45.74009059414509
49.765598826410745
45.955015532195695
51.243029610468966
48.05150116093426
46.403418651934984
48.36001218328397
47.75053223127222
52.1011916704967
47.00850206768243
49.560206567306025
46.08307509277241
46.12871783681547
47.39286508302279
42.6906363442846
43.967307184536786
56.26797008445658
44.04446325412882
47.68826231587619
48.21999340074484
41.49515690897172
47.77449520951467
41.93692818339153
47.08971086721141
44.46842166518866
42.824136087548304
46.072380364624955
56.54234891572955
42.360372598292855
47.90767084169212
47.64590730141176
55.34113313240652
53.8884011255385
43.236942111200804
45.601323237909966
41.24403544235849
43.56347002504342
42.63228529952038
47.08108068047338
45.43009506073055
38.198184428610645
43.28405871158476
40.88025599582808
44.90756169363491
45.05244250444385
51.20020101430989
49.866776365757886
42.27461268288895
50.148185714658155
49.17389035273528
52.17169541330356
46.46673974482916
45.655591584093585
45.89725805597958
31.402022142102464
52.49205448358693
45.82915041551018
35.147746639691945
56.987965427386385
48.0753393612566
51.35121030423638
46.298134971786645
47.70122654355121
52.98169795761827
43.85260970611853
54.64731176315641
50.65642004100768
46.954494165009095
49.28019426523625
52.3124980703341
46.66699879971137
50.43148009840614
46.72478372979903
40.83682201820676
53.263257142240874
51.592919141835694
51.54322406852472
44.19835969618166
47.45513348160439
48.115190681919316
51.8084462939168
44.95312600998556
49.40507446388477
57.32847726177382
46.05661699034854
46.543071596823985
26.72765903332738
47.21195769749945
45.30420049817342
45.26664462741903
47.56348154556062
47.10345143881338
47.05779403987106
43.903694630395876
43.40973738176063
47.087457397622096
51.12738493177892
43.7359383098531
49.546906895963524
45.97951951413498
45.38421472875578
45.262104274131765
49.47584272883004
50.314262444768765
37.391917399649344
42.58884829091321
49.32924205799188
49.315078700671336
46.34435570488305
46.07740701770342
45.3782497228394
46.709533474865154
47.745744172894355
51.19220675425939
47.7287068673346
43.86121202209599
34.395641536924344
48.30369910153987
44.32279732104283
44.28391819815015
46.95077652314598
48.18401837588004
45.97498706154643
46.36712810997544
43.37881931958175
44.82640200053525
45.752411295151106