53.748845467790574
53.175936976962255
59.24854299161764
54.47920318945752
54.947538271744186
56.03401883170277
46.424441217119615
55.659893866491856
53.25748740974942
56.66932298069775
61.729773576581174
51.33111021977569
58.799015890352514
55.49629946042435
53.6744123480941
54.700044642391305
59.842313493209446
48.27798169571688
57.87730324127501
57.836578102160864
57.11515879603955
53.70849570609488
56.95365523499511
52.64710648157939
61.42809291910374
51.18513260012119
53.9728196695444
56.66847512828027
54.82232101913345
56.37118153776431
53.548827989050416
51.40658663661864
51.754302761179964
56.89504145808029
54.04786182874864
53.28126448471755
54.450713105095204
54.48937918821517
62.94796312843085
54.10347203337568
55.56267960969962
55.562812561089665
52.65663572414567
51.67754269946775
55.97137143447882
52.363979745969694
56.161191247662586
55.12428159915654
56.2625189992652
54.97972002909996
53.64286636018195
49.88165114511366
53.11223590335279
53.89552804331017
46.823901326878904
51.08527308481893
56.38471098518365
53.48112209500864
56.44174094936681
60.08198561791249
52.983103177935575
51.55328596132115
61.45369762332479
67.49038139787082
49.6264561107177
47.29842241425321
50.42075846463463
55.52503264470928
51.114407445588284
53.8084511226981
50.27565013135296
49.913878555583835
55.05142171257475
55.845747439847536
53.19615977437964
53.721470124052885
53.03819140863069
54.921976861262706
53.83791753497412
52.99734974389761
53.09118883895812
57.518030759769886
62.305963945828964
54.542905775720904
53.97853936488373
53.0934234338938
53.355229228184015
48.49258067147385
61.064658708351104
60.66107190133222
50.536914810321065
56.5861204669045
53.874300512641
55.39213135212282
59.085850187068324
68.66769832666478
58.11179460138714
54.53151440706518
56.43526862237462
56.31395675039654
54.28022476768779
54.39630728111603
57.11084667466938
54.47453970955026
62.08576754465387
51.769356720049814
57.04462797149389
53.18944984493893
58.219804118546605
56.12170623559103
58.38192638577655
55.5470826081123
50.09671742456511
60.11475909396441
53.076974543722265
59.284785393955836
52.21816364740511
57.320388795071764
54.41128564433378
66.76146692976462
51.53723813215467
53.5437716661991
57.95375887972579
58.29845862561052
53.99532375631925
54.156308503047036
54.20253385577625
57.19516901642048
56.24578846671496
52.185570005333126
59.667111538852055
53.44185187849142
59.7776575542942
56.58715676400705
55.97080749955984
54.91082079132174
63.86513987071031
56.020888594083445
54.945639829386806
54.93826943584065
53.88080998906104
56.86045565220753
55.65080043239092
56.31555718704842
54.762175309424336
42.992879271880845
53.044348003928846
53.97006039189952
58.62626238914564
53.877717748013666
62.288364339367355
70.74522897346131
54.775213201352
49.78218163945097
53.0242063775389
53.91345790210444
53.72240682622308
63.78484667833335
55.275578685552496
54.741078283959624
55.0502775724175
54.9119840589172
47.48553470835922
55.69718513452536
46.57495123285477
51.71989644084752
51.38340720056249
54.775023330392344
56.45934318194646
51.745964533633924
58.9046484884219
56.8607369350225
55.14452931292934
52.184506110520985
52.97735564649653
55.54981412921833
56.26908297611378
48.945191370212825
54.784032686859476
46.24562800890716
55.62793287392945
50.58437925889299
56.34644819699868
57.019146997381156
51.00587048847041
39.42681879081208
57.13829306447506
54.64630040351106
54.130895937267226
53.69288790556115
52.85303807990516
51.809142376174755
55.180257712837474
53.73209848269655
54.58668310773724
51.36267436353145
45.99593771397812
54.20959520728535
54.90893313652198
53.44494183783159
55.218390285195795
55.20269590651121
59.90687065841018
53.25052912084851
54.39835228136438
55.356536106478366
51.667221836438436
52.31477772472335
52.92958876669935
53.47516635429415
53.543015687232405
67.91753046261178
46.708295249391334
57.147180054163286
59.17582449745468
59.66752729609271
53.11522219022205
54.6052355661696
54.30466738876241
62.441946513804496
64.75986689860186
68.12787287415343
55.053354734350265
54.347558490329426
53.68661738776193
52.269803365424124
55.58715068344115
50.31952688851476
55.35285518387185
57.532173667924596
47.15479698101157
54.97229609181375
56.71168873526591
51.04376253250272
59.82792691413502
65.63452909367538
53.750094869814724
53.93250747863463
49.88190263922248
56.70017670894116
52.14835944457533
55.566442867372366
52.19674255101537
53.64222812365098
57.51321043220715
55.196469817985346
57.31226883836791
49.27161706407013
57.21129820538283
57.29438029926872
51.868299959210134
56.28620259769732
55.14540278773369
60.580839411728235
59.52284651381831
55.93861627062437
51.28481106665981
52.08860538525996
54.155816573121996
53.61497551414227
51.308094044297945
51.86536373132904
55.991444280354656
54.006118662616544
57.080831023561636
54.22662823546838
55.35290305089903
62.3362570719241
55.73233259759934
56.242887576176656
52.59173339301729
58.30573045551404
50.37201846352416
54.81870822973925
71.2204461798522
56.114880392757854
57.870117521251665
56.29638936096194
46.97548508901794
57.019433327090894
53.51227064259011
50.811205812490755
50.41673311152923
59.181972657373365
55.551428042904625
58.87865365889809
43.96529560820322
51.43472163015793
46.91274357409401
52.94715219192831
50.24799494029317
56.38918987422136
55.86371674771648
53.38174175338999
50.99732142888962
54.244739008056385
53.747019023794365
54.79242059362766
48.47345251696762
55.0407713478965
55.80296480451858
55.004314338989026
44.169121715357164
56.13841772654794
54.68670310510674
56.82469246467207
49.45094104759715
54.28442752603491
58.60656333824053
53.98187746929421
54.22249314670113
54.33723032214883
59.776811210601466
40.423458712613424
54.68758165984231
54.69762347104088
49.46867543260676
50.95524134238087
61.2340774753169
57.69376008143232
56.50218536438953
50.10634542013245
52.392947341985774
55.14054289419021
58.006815041361406
58.973085735941766
53.61328535169825
52.966659072033664
51.777620411654766
59.502487498069726
50.82981738725729
50.16547947493873
56.2513979283233
65.369783775331
55.126309231811845
58.59596520890975
51.76969806969402
50.46851654158425
55.69735373575905
56.160089567666844
53.53936036799492
55.760814420862715
55.717106869718165
51.12339837463615
55.61989274790039
59.66215577221722
53.201383776819064
49.56650544260595
59.46795969830069
57.07861467104553
45.62524871151745
57.65385062349476
57.36683286980128
55.64566839418614
54.41595807688114
46.35085703360154
53.40749706205446
53.78259943373614
50.97372344640194
55.37679091107266
52.83236146587119
55.84584759959929
52.430184455482845
54.94461992673711
52.0536351695595
53.57185743207163
59.60767134624721
55.400430140154945
60.676384273924356
56.69656001085728
53.42838836349311
58.56612391809543
58.04205863020666
55.751073018388645
58.810218373527896
54.359553955017994
53.071445995315464
56.75433187781106
65.9992284559175
59.6390831373313
60.8153804742272
56.53526286198702
53.058761906327014
56.30388730806925
62.59235943334183
54.794067983149446
54.09802476668562
61.89338191514838
50.53581499572768
56.44411185612687
55.20727173562542
47.196403059722414
41.072570115703414
53.73629855213958
50.169220560453354
57.33218104969276
57.115572481032075
45.30665440375874
53.40195908949959
55.69913740133429
56.32708203624481
55.74436770054561
57.140887064223165
54.46105287545609
58.82204323160846
55.52077385102255
55.76030401002333
51.30657578581716
54.09550626686337
55.003384604425726
49.63472204752079
53.872729035637136
51.806337397490985
62.899890815884824
52.3414902920287
51.48243283656907
60.11973449708142
54.51053808836624
54.21096595134486
55.28513842339479
63.435133455887026
53.50665460046747
53.03816539064114
56.71471815535309
53.02435931449896
58.79316241551688
50.33623052053802
55.30550324886111
53.88252815801997
63.260039727502594
57.27426925749725
53.416058821776524
60.14250649121368
56.48709783853205
50.862155956180146
57.7032749387438
58.640469498827756
53.89673336819841
55.01076850592799
52.70376116369691
55.94883081932009
51.447268149504644
47.92199647663868
53.863176528785786
53.3881432371566
57.40878660790548
57.02612006989601
56.31894661913962
56.42726361796625
60.106095922244094
53.48998797707023
54.98434851108667
53.11224143418092
55.45014662207038
54.611277499790624
56.24853011578715
65.82506186563566
60.79753326977172
56.43751321804725
49.37988349971138
60.014841588832084
56.08765610866729
50.25618815004873
54.68599272195079
59.073042287531635
57.89514777137731
57.328469406656374
53.48347484046956
52.641344439343584
54.93353899171421
75.86396328037164
56.317215906445455
53.68113285801337
55.72944193788949
63.61090631891257
51.51982613716009
48.86847255162741
49.084801402367674
62.16428582764491
53.82780970235709
57.81693711375808
57.55252077332212
59.604456702911385
56.09093516407964
56.72491072981117
49.32043350077023
56.6996358476844
50.22222847523244
54.85167079966342
55.378614163551674
55.6982197453887
57.921375072667225
60.60782332534298
58.924719857176484
50.20203843520649
54.57145426231647
49.60593421142586
57.91856238609412
52.580716520165076
57.14258516147274
55.157510419227826
49.82427437841722
54.489522483981595
54.843035174098326
53.94697092772902
53.651375109442455
57.58801421757141
57.23875209503586
52.922313774872876
55.71883375370722
55.589890924049705
53.452105025569324
53.906836391226676
56.72616191807711
53.03205727146094
58.07267433921499
52.76569959783919
55.34585692097359
54.97561735763441
59.558962206952245
53.66373360647253
60.01247454591672
57.1914453930371
56.71498117689415
52.852222427710714
52.938056306670845
56.309918300107036
51.303330507409406
54.29941808001877
55.589695249188495
55.57691948674392
51.59313834768851
48.25347803513911
41.49759248412709
54.74413421038737
54.81105894781571
59.04760799562082
58.6498185500232
55.409730699671506
57.31135115225663
48.50615688041918
54.31950722518077
55.73669025244479
44.212771783927735
59.30446260975705
54.601121828594216
50.667984842112034
57.58415601167655
56.59590251721723
54.39000009297784
57.35557502583961
55.44257175658157
57.46460239215026
52.980490619172905
55.871862364768305
53.15101172319903
57.43069388601221
55.37811780356928
55.35735689010418
55.11456269622454
57.71778547230507
59.44048838840183
58.474050255583094
55.72570069478652
51.673856102358926
54.70447833031154
59.29603106406259
44.369139634797776
55.15239365645183
53.73875382930687
52.79151584451766
51.38018452055792
55.34872388158393
54.50185913210038
54.95476669440631
57.23607484064234
47.9639460665824
54.687782453464344
56.04668963359568
56.47796725149722
42.698383760024896
50.27478041483495
54.748428158529954
62.004730069068
55.889148292688056
55.57541309621153
51.59150037227545
56.064410144260876
56.485644291828194
51.70410241348969
55.09775718550853
59.884290587048774
55.78632682867357
46.782586525980676
62.01626849187943
52.38230752359663
54.760011618671626
53.58264555865261
56.10821552316554
53.37982569261218
54.047386753034154
52.33305177260984
57.511894372044544
53.05723887550561
60.42737898876396
59.79532574618216
56.81205795482392
52.62561771867349
57.30084401798662
54.30044466032791
62.181250174406024
68.17291777919957
57.70462949937518
51.52691574408403
53.94568184789156
53.62269506238546
55.019747644903724
58.233571863914364
52.5699565113939
54.823566637626584
54.529789668777966
62.40359026289831
56.831800158293376
57.3022391731872
49.87075746341707
55.26465346012644
57.673444733368044
55.02263813219952
51.14123458989869
52.18273013065133
51.81275036807311
48.12772976497189
55.611234011004015
57.84527456011871
54.305996488217765
57.75431894257264
56.223767969810226
54.417145273074325
53.178250230071164
59.40470121663266
62.39102941448541
56.6212045987059
58.13848480427714
50.21799709772362
61.21591349659107
42.327219168844415
53.77259174690993
57.175352505721975
57.56554663255484
54.562759773257866
54.92420384678141
51.1609367493006
54.030044296875545
47.50039266080497
47.18171433806095
53.361360348759845
50.47245114730455
54.49478988544459
55.97283272830057
50.14614193085309
52.90008547398779
56.85365496617017
56.60526696144707
49.649168853994254
58.769333240878865
59.32753246601917
55.7609909118246
56.115877676625296
58.09550895224979
56.22900861112675
54.23889063337758
54.28566537135092
56.256756188728545
55.83626156670188
55.5180664796211
60.91941714480376
56.642749370188824
54.96099927864098
57.76325463464273
56.19424671631701
54.42692955503024
52.44205363421655
58.095313067315715
55.54766820763034
58.16528800910586
52.18063682891827
55.279178070159645
40.6963999341967
56.33755992982991
52.99517436579409
62.11651948527752
53.6435186350015
52.846510390936054
56.51043603247701
56.167604903465595
62.28208218797961
58.455593865522026
55.00133987960444
53.91120932691374
55.363821746233825
53.12288966361523
54.71071145158305
55.86124464301474
56.757483141259634
54.43717419723711
53.747084298547286
52.19056048876997
54.00034054971311
56.18597240790961
56.091187214665624
54.37052550539745
49.00415519223727
56.24555392350352
53.296201392658624
45.44685708451776
53.92297553950255
55.09521430878452
55.78624758751622
53.41983141737337
49.987039347761524
48.7429717042798
54.508620805859756
55.124167868252925
54.397176076371494
55.86568098768146
51.67555045124707
47.85113354587447
55.41231076007619
54.888779552694196
53.6659391012486
54.14295080555375
47.667444434562526
58.168472443858455
59.39579039955775
55.695674535358066
59.466245542395406
56.7207598396105
52.921978425720255
42.84621571200545
54.926169325870276
55.07001799073466
48.89780916521529
57.07394288390262
54.57474012834124
49.51804217986386
54.007454900960774
59.43648406491431
57.052754557126306
54.398595928485584
51.892890295208154
55.70478940841518
56.6904802405191
55.03977241635657
55.56967571702672
54.08326449421839
55.166936916762815
52.06434290652264
54.38643528804325
57.73416023610819
46.6951652093404
58.955304087496515
61.31541007412801
54.676372592390244
49.527318082874345
39.10369870416362
58.60769170633996
49.99941483847697
56.24224826226716
54.715932329508384
52.969076739620505
48.72633820916912
55.629721377731
54.91562247868413
61.089616915694236
55.58235074791246
60.91947786409567
48.632427784610684
52.35326205925307
50.941914556166616
57.16112758678202
54.44507128127519
52.05348894534224
54.82058083951287
41.18252708774425
55.436424107738546
62.968510917938524
51.184955055845414
60.55685255039319
59.09601610714543
55.95186825318259
55.38835849094686
53.99349256261879
57.56393404059433
56.37824764594404
57.268269295952834
55.25989754328258
58.65960126760604
53.91736222044811
58.54110796395422
60.11669776315305
54.03566453139421
53.593680633364045
54.68704617467601
58.959080834422984
55.42121749770665
53.26276386104988
54.04720418678713
54.411021797756995
52.0303052243702
54.20571753510275
53.132187763146064
57.47318199885453
56.38015101294663
55.02774319012008
63.2035360464962
57.21794533061151
52.692925357911356
53.023542366057626
59.992747352256835
48.76456655725628
52.74496902746091
51.82698926634301
53.32742253195893
55.06901684234576
58.501373695653164
58.88028105391672
57.45010713574818
60.68914995001408
59.20396887107974
58.11251345047686
50.80596990202252
55.18931097096597
59.643860859815995
53.361561363031974
53.52180802900754
53.65965942033757
55.984743626404345
55.41094515827462
55.90076969484969
49.801929879720745
55.21164271975411
52.98936765385634
45.9490300943648
56.042120093058074
52.40975915805499
51.981530945738555
53.01321370882166
59.54247803541187
58.499581757980934
56.00296469504801
56.08472495778698
55.472470101229966
55.90595832465845
54.60506147626127
55.110609907159365
56.40277295061731
56.757039130713416
58.258914844395804
54.83525450033166
57.37083203989224
58.927240680298866
50.73142292536385
57.96467494190355
51.93413002830533
51.18364669631368
51.66651974092068
46.65144822113218
55.47912969824423
53.956562827861006
55.17833319116705
52.69236127861261
53.707657463942084
57.59926723627126
67.94451304437328
55.52125602495267
58.918337442933726
45.06098690472653
54.410706190499866
55.23076837880868
59.08361373708564
62.38316319020959
51.1144509321253
58.46748518625206
55.558804687041146
49.09044120044025
51.961363911880966
54.922154738424645
55.192461661272425
54.788979562282044
55.80647623722983
50.480311791344306
63.574664887553844
58.281917232677095
53.93738430846208
54.64618387710298
55.559042414273314
57.62083376731561
56.70066590661353
55.98293609603053
54.80247633671333
45.26263337604263
57.768891550971894
50.73784655624589
58.61170758285755
51.96835544740904
54.29885440971889
56.51336340933037
55.25446370291808
62.264657658401354
52.958472095589734
55.45774172134744
60.09780807023624
55.19280437232036
53.260176415639414
57.051897021466296
56.256880641627994
65.5152951779604
54.696384940023464
52.71102566380054
56.048645785812546
52.90812757539708
56.679415955204924
57.50342661203535
49.42466608806548
51.84565215561041
55.606128029945644
56.644247652105655
56.143345178703484
53.5993688219582
55.96477649514149
54.36214544809805
42.87875335903294
53.805755040508984
58.54007019729976
56.915320497717836
54.714172501326594
56.37568331344125
58.5960952522598
52.043694083437195
59.88057006311186
54.07517332431521
55.74058685581339
58.82052639685068
57.08860285138845
59.325723772534175
55.93799710975686
55.173768914220936
53.62291170524347
53.64696674221111
53.95856302455337
53.35469543127443
56.099814258230126
54.69449536550003
63.77792325048242
56.249888750560444
53.80668886491987
56.57334348084327
54.26323659386757
58.099044447571835
57.50807685429953
54.56119881788107
56.049210425123675
61.108681661633575
50.843289729697645
58.51063135968714
56.106993078960706
62.403509327703205
54.490871047648945
52.695585131486595
57.53881794418312
49.54218083410713
55.45808092579631
54.33204710628637
59.48557944714532
60.131296979688905
59.736529971731514
57.541187513557645
53.96293192540687
56.525746113939036
54.78762780371266
47.53117999852255
56.76253889143417
55.07407647431217
41.770937430312784
58.89294397965206
60.90540561309934
56.48481111501674
54.45374482915347
57.910332416450146
58.25424803774536
58.84732120103639
57.12194289724875
80.17971624728254
51.17584006277683
56.29371600622234
61.940609379740565
51.229952320199644
53.44768186090267
59.04690649548912
50.878734492908364
48.23404548403184
42.807384147092
52.95507296225247
54.62340293516695
52.69102506869522
56.94479262850927
64.78806642285103
57.51114625329097
52.01390192241462
51.01920865098397
51.39479401872008
53.07213085995504
52.8771990840508
52.44120579915556
50.21283651260341
54.09175856462262
54.51805006591354
59.68335900164407
54.37058151756354
57.459473131138935
56.32247074851939
58.67316787864609
49.714935053337996
55.93281522063732
55.411343504521696
55.18167430380799
55.07734246418347
58.87759146231712
53.388586473763034
50.83582559805193
55.25389333868268
46.4414997913593
55.3756375369541
54.357785433984866
54.89802231444236
60.79650730950305
52.69249802755922
58.365861590744515
58.292159754425136
54.77459644838476
59.187491660573826
54.264340596468564
53.86367216152908
58.37808634403364
46.83968766052372
59.89718937144633
42.69457407518376
52.584183701048346
52.61337569961355
51.51316854376384
57.65076741064347
53.215458333763024
53.20360589765707
57.14472575672747
56.12412288662253
56.34483808593761
57.662614761415156
52.849234987482895
52.71153844444786
56.017496667808615
64.65006712315898
56.061684556657895
57.176186833913164
44.26451957726086
53.80565790211442
58.46602197248302
62.740741941111686
58.378038141893526
56.06861072226696
60.437871579242696
59.46919211114867
59.70178916181593
51.616041032386
53.66707118510277
49.565709133876
45.88780937082255
49.82637678073009
55.39514468286336
50.7615134390796
55.10004120192597
54.605846974764134
52.48299598114177
54.59173162766346
53.02395514724112
55.47929589873028
50.18344944468036
58.679148717758444
54.45973325296006
57.09171774766296
57.65850169560735
51.75181046567815
54.72925295385501
57.98161641556879
51.812273001815406
51.25162682999178
58.349672007473316
55.82428891844053
59.80560126063969
37.52771170520687
60.37873259818236
52.299844842670126
54.28813476483356
57.13329439899476
52.995665409747374
53.62286036796297
50.5213036412937
52.088666516213685
60.0103219438333
64.8215268990629
49.43642417488595
57.31371322122561
57.57819347752637
51.87882074022927
55.06995007675264
55.24675418374085
51.36602202362612
49.73319337189541
55.97451747565038
53.384031491261574
54.29054781088914
56.59439067222186
58.74895772709783
53.392573561826055
58.966184326413455
56.3003880858312
53.44823521714604
59.84299232811846
52.04322644138324
50.037382648476125
57.48091347704652
38.7230902156591
52.13941361271665
48.11174083084353
54.331145127548176
50.21440595149718
60.4439743924285
45.7565916068776
56.31134982209538
57.3314036296704
55.14893911239055
54.277056271593665
55.68983695164338
51.29028102027532
54.51899709723425
56.79180252887662
64.65715433333715
60.12322206406392
46.784108443455764
51.66455783104171
56.45392258512482
56.530774947371114
52.76995603345979
51.38733929209849
65.70149486288278
55.387536116931585
54.06076148764587
58.42418143567139
53.31867994194756
56.11630367755716
63.75130709189617
53.51630594136185
51.8841589508337
57.32942745970472
53.33813129209523
54.66504209375928
55.42308305487283
58.817353977208455
52.510928635712645
50.853011005116336
48.72676309649848
54.70879630155801
63.69210569412026
52.15619600177997
55.64328872125049
52.785297797029834
59.2389642182646
53.83791849223796
54.66073851402984
51.727937812653984
55.79794452673707
61.157210859183344
57.161675286954484
57.6102780726296
54.35704604763027
52.11970279793731
54.023231371030136
55.97686670828028
59.48583906399743
55.88929744060098
56.24205941299373
54.60927271721374
57.5043136906791
50.88754258387381
47.497616171187765
54.36254739890033
54.15578833632585
49.99686736351905
52.29902699755729
53.22391474563794
58.61834628486327
54.299080667011864
58.60402334074632
52.2324741237034
56.01615618803904
57.95490698376773
60.835330331089274
57.75429991739845
49.71073194386944
56.337561309171754
59.18099337457108
53.82130117157415
56.35897134486617
64.57815804075688
54.505343183492414
55.36793204704043
49.578795400044086
54.65937852178569
51.7978028489748
53.608397222916636
54.71727311311192
59.25421442121717
53.09297731970286
53.41302444628384
55.84740427915814
54.583460537433936
55.10311518551595
55.2547536386662
53.8106698111734
55.68971775645933
59.443882107404065
48.036327092943175
56.92341789257668
58.70325061201636
56.98612310194928
53.877147577109625
55.2675373616825
52.30869288333413
60.772310080365216
53.07041941082083
54.125968300306525
60.74411360033035
54.325317552183755
54.25996516419758
49.76632106891697
58.979448303172106
55.655074463103716
55.08260884188374
52.26277779089584
55.513609528948066
55.57773262659577
54.855834333068216
54.623007302894514
57.56647080483795
57.45321364664548
59.15789613046111
57.90731612172219
54.6897317138355
55.28110793908051
47.64516799794496
56.89210011337048
53.48583074595629
48.70117578254885
54.78627908555359
62.70321403454915
55.64762039201524
53.3684627142353
53.91479055390073
52.205300050657044
60.81180176633834
49.76602249740658
61.971363828055004
53.80452114910642
55.53018786986614
54.752383555607146
52.423251467262105
55.746271792545826
55.2489970038028
45.71433278959009
54.91363326017046
45.477184801488704
56.788731629107154
46.08559953683347
56.23986855923024
56.820145499765204
52.307413625809794
59.303731316380805
56.48625530415126
54.03146127994393
49.403091703293526
61.138215256378764
54.2675458835991
52.87317062640778
57.463270666818005
47.120624103943975
53.31742311663999
55.86519536518961
53.716884783820944
53.72368006552584
55.5769307928188
53.954990804639316
59.57969906894797
59.766684112928466
59.66802048731691
54.88445701382188
52.80367291683765
47.91996420969181
66.45622425422405
53.71350251484876
53.26962245545943
56.63795798237216
58.29698387639168
56.04831077652343
53.29951656882203
57.17822663448862
51.53155735370875
51.800250498643486
56.059283987738894
56.363859230835374
59.18231159246609
59.006237860162166
54.6358022302747
53.78828747273854
60.218381216905456
57.5108543614935
56.652212720442556
50.02243940049264
54.260984162725826
46.64163742589647
55.82729624505736
52.38476423218832
54.156395865293334
60.60194435492035
56.929582644158025
64.03646872825195
52.06099968155207
55.3584321284178
56.59539475020693
53.999531300906334
40.643239556952935
57.66033986982912
44.053710860985994
51.746664481893966
56.469186744072616
55.5245826486852
58.01462600858307
56.38512457065167
51.228423817419596
52.530865302930515
59.48113425035129
71.32106818788623
55.55222203807065
49.97970725834765
57.41894197690091
54.65338475033798
54.37756619070978
42.92726011158915
54.99616615911701
55.23529255687093
51.76793505207049
49.96872444031424
51.785331135647574
59.438194028792765
54.013562719961854
52.5308393572026
48.47694694878347
50.8564048423252
52.376613031239685
50.426459455626606
51.70303584574084
61.257058724537515
52.6555640797992
54.03008827190591
63.713641328074374
51.503765543004775
52.188858443009394
58.45245692570018
50.327732390215594
52.92727170207339
49.32766227167814
57.23476693452609
51.80448789923729
59.64240926309636
52.76857689302349
56.96233770188366
56.7657807483953
53.39357667911738
62.94767049501943
56.27408984093135
61.61119350428631
59.77240139246518
56.77238282603702
54.423479538858594
55.523487764658675
46.49152577013956
60.17920897527582
52.91141671259372
52.22814063956733
52.92635775143084
51.01370826278246
59.70874751263506
60.059705955303876
51.539927312757484
55.34414150126151
60.37682450037937
55.15538447541741
55.126983855459244
46.90391646506643
54.57582344610797
51.91574814056685
53.64791154050213
57.0466795802509
56.24635575598974
53.20112631152935
53.55476902707715
57.5276061885089
52.21180206376102
52.035870075215826
42.80888363090456
60.17415573993846
66.49928581939517
48.710912399370365
55.06218281196365
54.96638469422083
50.402232286005344
52.23347933932792
47.21935191519583
63.67265517634962
54.36405590999735
59.26523989893806
53.84973289138729
59.568791054464
51.97242214474527
59.313756982806225
49.7453816333245
48.981112390567006
42.31968176719156
58.695420862873945
54.82280547454488
54.07507221415668
54.59826656462749
52.04748231797773
49.72198745011086
56.74995981176723
54.07405507955792
53.284085289758835
58.87563033177671
54.89515024002294
48.26700321267155
60.241164339368616
58.461605845241294
52.1275219820511
30.83593140951568
53.060011622792906
50.32184477160302
56.015943004196906
54.0887947005229
53.069125757412195
49.929653641746334
50.39710948635413
57.38229543568461
54.68830982224013
53.747907988470345
52.1249480892546
54.723265962626726
56.240210073035435
52.428371926911694
56.551024284984244
57.07514193111231
62.752738192502505
53.533175754757174
54.884502696495545
56.63036910691836
55.76563380825797
59.6121558880057
55.74496213289676
53.22858577121433
57.0911230922256
57.24667855031586
59.79681223068715
55.91296086749103
56.251458385710144
53.37323553174285
55.678694159630716
54.20370293717686
54.63095833977525
53.20916153195743
62.4016119572907
53.862320213491095
59.16345281229533
45.157864286151266
56.326349813140496
53.51322741240426
64.78565240295181
47.37800287920666
52.90123559364088
55.222394254650744
52.45057435842765
54.24382831779278
55.5167994174186
53.38793985921738
57.35143293807854
55.76892094076363
54.31465493403721
56.344804352375846
56.1025778798347
54.929883680993456
52.8883694101922
55.1517533792368
43.1027344175901
59.79308472092936
60.94265832484435
53.38606500728283
55.93316921414812
56.95339528810541
65.57079447670894
58.11108948326573
54.15451179547604
57.00149400496491
60.63008014286235
55.44971721269957
57.40561022959393
58.2882676099964
58.012524812681164
58.30440483618965
61.030823717573256
57.594123396276046
53.27145326397302
59.07749411375956
54.82253967579954
59.885407802246554
54.73659030089961
56.23057232721934
47.90331403452722
51.801473082620575
52.90097266187638
50.08022439107279
56.97402511789026
54.739340075624256
49.87975592099703
62.14424972532122
56.32465735799595
57.43467178499509
55.19349162472192
63.753681139342575
52.53166475268091
45.32515533875732
52.146850036878604
53.07576043259931
51.33290464326751
57.130328920336176
54.759940824197294
55.81353411355256
54.6690829132172
58.95640670157671
62.46062470943098
49.125131652949136
50.2613980259466
61.354884367778716
53.372493352455756
54.866822902755885
52.84259453314572
55.97388813292232
54.504437150319745
49.26454308717766
72.5929022604883
52.261863956656896
50.91395592109794
57.47784462381097
52.73419584241364
55.45566569239534
51.570029652694274
55.3998652214265
52.16192705486068
47.2795230974091
55.56288387457305
59.28341878070168
54.86889809640051
44.35084405042224
55.14537518326438
53.005769459104656
70.66567070107934
52.15638844556712
42.11206899267664
55.38235769583058
51.407616212995734
47.22933451345251
36.10664180492167
54.758202433831094
51.86826114305353
49.885715994894056
55.83601989988881
54.2508799246545
51.745373867125544
53.75912555832454
50.64921335152435
55.35196124001617
57.38869619126738
53.1352176946836
55.364799606102736
55.59212162112041
55.88666747045848
55.87076819054891
55.18699030936831
47.510225859022526
54.671147003106896
49.04530745121778
63.62586879557814
54.24056028057862
51.55390512937725
39.07249419819526