306.93863270075724
302.1562382868997
305.5129031232611
305.30001014117676
312.536729436883
305.3985488185096
299.07456983475123
303.6081367818948
302.65915497999146
299.95844849803774
303.4578265851416
307.2024977625877
300.0541935883191
308.24340083287643
305.3042526714152
302.0599252825645
298.88092835738405
303.67257516604644
297.31183299220464
301.5939705932451
302.831007507545
300.9203597057656
303.7703049542954
304.91921923847497
294.46564300600346
304.7412223365092
299.7820188123958
308.43494780461543
298.06745999473833
301.2977368240152
307.24991876000496
301.53304058026947
303.5159144793737
303.0453210373386
303.68652813649925
309.1823047066234
303.1173357880474
298.03888864189025
303.9500371194081
301.70731204293605
306.6786594618211
304.2271494770346
306.97492031988287
302.90935713567865
304.1992167257314
303.3847529357946
304.0412589005774
306.22796698481943
305.8527535929077
300.45509047720805
307.47509343134936
312.9207710895065
308.28606779017423
308.22070912707215
298.9570685460746
302.9426270063795
302.3143886067166
301.379477234721
309.87596524289415
305.09942468863443
307.30621378268415
304.10235414537897
303.98285506314005
303.87736888583737
305.13364161960993
297.85654842574536
310.3775439861643
300.1399473129233
304.4119526182598
302.00425921703294
300.1520418836221
302.7011632374293
303.37990003232846
309.8492532537447
304.0668042678856
305.6778912054948
294.738799947627
305.62266455016044
308.60663417363736
300.74965663886013
295.42044909178827
302.61159075402213
306.4691228525903
302.96381485956744
304.946960229
312.7371451145436
303.19449406102626
303.4083877476647
301.1778581748023
310.29715720963065
300.27890955926455
308.68530255827864
302.6443753739511
297.498756265814
290.37754122217757
301.9832035879345
303.4214928148733
296.1838115856043
307.1988091300543
305.769178995409
301.8875631081108
310.5858337621019
312.11232408616655
299.0445721298057
297.39562177945777
305.63964713374605
306.4913275581131
301.92190522110985
304.33794896430334
300.24423544634396
303.7223160031356
306.08321189907696
300.3915509929357
300.16902507001987
300.98843316806654
305.1375883877196
307.87656817995384
300.07237648093945
303.48102043860604
300.9440701972019
298.8732634904148
299.79050818263073
293.5433830406312
298.69865461443675
299.91160879279226
301.8810296542184
300.6737657763873
299.94107203705175
302.003006699201
302.5953280462189
305.29645946520156
295.7020988218719
307.32343692291823
302.5180375128497
306.2967928206234
302.71546273277033
302.9464405748808
307.6353063492344
304.05198869201513
306.51280796788416
302.8164636328825
306.02348967088506
292.7142896596575
307.3731185108974
305.7538546873277
301.4483260291073
301.3166033791148
303.76934831256716
306.9490835070357
303.42059469841666
300.2707023684944
296.3651260412225
298.5088695717383
303.58124192060194
302.9153698625281
302.7642204938402
306.95510689815006
304.17822866807836
303.0208407574785
296.91558873230554
298.7154813584056
301.51190867913454
306.9806999845489
309.1334244812165
304.78417664498477
306.17094924142975
299.92367353916484
302.2483686742316
297.48170321786296
303.71962375375807
296.1473992718669
307.33918690617446
305.6456075354839
301.6784678064173
299.69163792498557
303.87947632527846
301.96715918982665
303.58067864526726
303.5613063956228
312.34854854115076
305.55467862444897
295.0111901024647
305.91745651875357
302.1655451225674
304.03077503129583
304.63737872848895
302.78145572757217
313.3045637259837
314.0393500232681
301.26435002296944
307.92921987689004
305.13761073690307
300.8899105230869
305.2141588067536
305.7970208497581
303.0283976312868
305.36464750030956
308.7791857356265
299.147817180559
288.42229641045014
302.44266393090743
305.68481174200355
302.6451330535001
305.58397959831746
308.12767954897254
300.969995194183
303.76744791440336
302.9872813102538
306.83103244519333
305.81376428979314
300.7925518311359
319.77904809202255
301.3439485567803
310.95737580573194
299.40641625027394
306.40789250450405
300.79814924861824
301.01054125874657
302.2262601445881
304.805844846066
304.2816810980435
308.1313596370169
304.704253893343
308.46357614800144
298.0451825890006
313.0489624017323
303.4608838289807
295.41215372776145
302.36241397737996
304.01201905369624
301.924129072768
301.67397767752396
302.3730218635119
300.91298496447985
307.20423989819716
303.17884310068274
298.53410047264424
304.0602020992358
311.07097763000144
303.3469387842699
304.4426360416555
304.3361470817846
302.2757020422219
306.24079473616
305.3373359083765
302.6568422970105
303.7601830897654
301.0059709876285
301.61583575732146
307.2496527692042
304.17209243891125
305.6736267789996
310.57672953798397
304.16498529399183
296.276422644428
299.76556210963406
305.63686642223786
300.2161550729134
303.0089492814813
297.53202803121883
296.814170022761
306.6821382664951
299.0449588730917
295.90312224680173
302.9834883763858
301.14591687425076
301.3718729932706
307.2635258244663
303.7841496300021
300.0974862045479
303.1846823997017
306.66335136929445
303.32274451697015
300.2532802958297
303.0472623502621
301.86123140658805
313.97982136490907
306.0016753096101
302.1626272603111
302.52604222753496
304.39689760261376
303.0963459138279
306.46667709733157
299.498727186445
304.97850916225826
305.60982173765154
300.01358871283287
308.39673327364085
308.08320822114456
305.53651043511917
299.4913746592749
304.72008504874316
305.65749283465584
304.55118615188974
304.1778435381369
302.7518583866418
299.632749613707
294.7806108038655
302.4089702809501
302.4418358565933
301.7025347114771
303.69465882734295
306.10317322091026
299.95861618407173
302.8238754368645
315.30468021615366
304.0247823446504
304.44437414904735
307.5164398577661
303.3119632125939
304.7218850494453
304.57245697799544
304.58635543956933
299.02956540435054
290.86724970198014
312.406822217049
301.80877990741226
300.45120279117873
300.4205342978132
300.04318063431515
303.57317909754175
297.46313279518756
304.4235566067886
300.760588287999
303.9543206447618
295.21565315550953
305.5396526360679
300.00174323084156
313.91970548372035
302.999428286238
302.38077918583764
301.3562931091597
304.2713675105696
303.60659705943124
310.0219920344584
303.93039474762674
302.4579472543091
300.0940832165073
297.5220470310694
302.5470815547072
313.4360901301849
305.0366491218274
301.67677935386547
295.02914129259267
302.4778819890355
284.63089584807994
293.29467314496577
305.0402040795912
296.993677909769
301.2138938597845
294.5394112703117
304.49550310501667
303.5411715750502
299.84362074151045
306.09352520167727
305.0846760397363
298.3107568340853
303.41617398906254
294.31945383642267
301.29821307002203
310.73257802898155
293.6181911982582
301.59194070853806
307.5938240696896
300.9117007625598
300.66073586863786
299.40165544012285
298.68427987584903
303.4504965268682
304.4924100330554
299.65307815291186
303.0534076194138
305.49045508110066
301.87826257287713
306.061900903956
305.14548137527055
303.3433663590441
305.1687718354606
301.48328939145784
304.9838760122717
309.2433907171071
305.9807621968387
304.7208835707822
309.493837135439
318.7262365916532
302.7092259865291
302.74703154273357
306.08577173071154
301.60062529655994
305.9321648235336
302.528363952682
314.235872370438
291.14945073439
300.75908094481997
305.38457827903505
303.5872196083484
301.3625248340403
305.2629182003128
305.05423939482597
303.46420030641247
300.42953843377995
305.3774085337741
309.47286672033283
302.4581292637745
304.364474888199
305.8640923040359
302.6980184700623
294.9870557382759
302.9950616735
300.81848880648687
296.0675064092679
312.9169267449239
305.9078594372081
299.844824733919
303.91684094600134
307.9131713442968
290.052115588373
298.41008553245473
295.2412521377798
302.6156418019181
300.39594971894047
300.7803878001341
301.85569272406474
306.62386950368494
305.3305432571716
302.9365334255427
302.80613977034324
302.55367332224677
307.16378493910906
301.8122679480647
306.7980361649811
307.5693962737389
301.57865438180886
302.29096627457045
295.6612732458512
298.6997611530921
307.43086348790297
305.43627379156095
306.0817117082679
311.54037467975843
306.25813222025164
302.0340288427562
299.85640821244124
303.7844243041356
298.2789001257023
301.1125533070405
305.4506227806492
302.75297143379663
306.34423037866856
300.5598872442036
303.51465099311895
302.1825582404197
307.54169920318117
305.4351642839807
304.89832507384136
305.6229724886548
305.02205665997826
310.84297414065503
308.15525957870886
304.71068569821426
301.31666532535473
303.0865661345149
302.69425196206436
297.9660704138849
304.9081130592532
318.64624683514717
304.715769924474
298.4013210824144
307.32091330989465
296.6729508219804
307.0157681801597
304.2784437560035
301.29332624478224
300.97550167289756
302.4470949394799
307.536359511771
301.9073389238141
304.6852578723881
296.681327412538
300.7391698930619
302.1715118637246
296.11983735707713
299.9336138381674
301.51869789580627
300.77872033264214
309.2119200077303
302.33832057147373
300.4744952142372
295.0732994513352
305.1001977890429
302.86461215755116
305.2952460142962
302.27706004167555
305.6175104069754
295.5508844119383
299.63271844889334
306.65639468760236
309.14937202944594
306.1247697871767
292.34927832041205
305.39543753806015
298.82445579458295
302.45086395456053
309.69487393576486
305.8368227493436
304.2794990141691
307.7264885095222
297.8662496091374
308.06952998739314
300.264012402888
302.1265312013414
305.3638741826957
303.6729282197061
299.8402558295834
304.0035294113792
308.2857345992381
301.22039601239305
303.1777171558365
304.00491000327094
299.3725648584675
297.1308123942158
300.65274514048156
306.50776076005866
304.5363814183765
303.9632067999204
295.4929176326082
295.61485020453995
301.73634402342566
292.8095452399658
296.0139540590067
301.73313083347983
305.60658218475476
292.6839243161809
302.6249635372489
302.73924452399143
292.9403711986479
309.92800398152207
297.03389294507895
302.34085144682706
302.886816151754
304.2968563706403
301.84692833222334
306.5173920831728
308.7087301845282
305.13929795865107
304.4516180997852
307.2109551435057
302.8779510167152
300.5366773156977
300.5238449671596
300.2907367690438
304.95499999554045
302.45326554333786
305.23852411077735
304.79535685372736
303.9729034318757
300.6111242502227
304.0489756384772
304.67118668807814
307.51961245400526
303.7359095654745
302.8609178224217
298.53052865480066
303.4046055254493
305.0619143336146
309.0431944414586
296.02144680340785
303.40491111650914
298.06517659504726
303.9676868349585
292.9887718367087
298.43885341314706
301.3948060884043
303.5916617818566
301.8525594810361
304.778239980095
303.14046261340474
297.1017348913613
305.6274874842244
310.71837579552044
304.1857952142398
313.3908143130157
299.4754858911705
302.76976412310586
295.85850269948946
305.30873549823696
306.0454538901332
304.35654730290065
305.4240671712934
304.00957822759926
297.56886789602083
304.93383354821964
302.96771094219963
299.8636270610846
304.1230345800376
304.229063664147
300.3242585256278
297.6880817942416
297.6235513684503
301.9451390804423
302.97228885604375
309.6233204376761
304.54478790942886
296.53989573541094
309.0402404780236
302.36816491131526
296.8806044748776
306.58144730171824
300.7530882631387
315.77651768236126
303.8787060489987
304.2219592505523
299.796521789047
304.1143650924036
307.33399249713443
301.15807612271607
305.2879267647277
301.8961207227955
306.35907313653155
301.8093364786024
295.9840001671482
302.86039911217233
308.53316204801945
302.2341333249227
304.80521538517024
301.16236794566106
301.4832634686552
311.3689319279349
303.410611870915
313.16944608739306
311.1240026040624
301.18082836895593
311.49139389386175
306.4559128298912
303.4540011423289
303.63367119569807
301.37384674770385
300.01698663100257
302.60323835425135
307.19623485290737
302.86723069154647
302.55526379172863
297.775593333144
307.0300629338027
306.2354020672283
297.20028606274957
304.46221866883684
299.63965119466303
305.0147177137261
304.0775883561501
307.8218145780812
298.0869969056788
303.0481173157691
310.1555943192625
302.54518101637467
301.84616616507475
303.067337524889
303.0637807954588
303.9594322586312
300.2258753299731
303.2456035152337
300.7905269973198
300.39311562300435
297.9357026340064
304.905420029732
300.0545199031262
312.05708603315566
303.7346826855311
305.4399885263877
305.828400436413
302.71217721713623
301.643394179488
303.049849344314
299.90401938310566
304.37887617621226
311.7118094027294
301.9914890936146
305.939789788292
304.53532559978504
301.2294410484626
307.36386155453204
298.54750386396705
301.469811124615
308.5009256269305
304.98038697953945
302.7720382111579
303.4413801418644
303.215285468425
303.5173989668261
308.7634235403548
301.8299370042182
304.0392953355616
307.30733424200446
304.47486816175
301.79442764171614
301.87482374074034
301.98193298210725
301.8359812521485
303.21614377155436
305.72678532966535
301.8442818322194
316.27982567108666
299.7660075652683
303.67830101809426
302.86464210044164
302.89512052084365
298.9240591480946
294.21182010047283
300.1369084411001
306.5350203645458
299.16187558419574
309.0961900644554
302.83192913737753
302.4642870002278
304.79142386219524
298.34380708021723
304.7882809314409
307.10482826181493
299.22052087898106
303.0448540722373
304.62764556365727
294.9018444593847
300.1125389334827
303.08090722483155
304.19306706450044
303.1455568847111
298.5382483656203
301.97318195725626
303.0110236357534
304.82340554123095
302.29762174907194
303.37285476170354
300.4988067631424
292.9910339517657
297.2061765625594
311.7501946027633
300.89436663706476
300.58453600104616
303.8799841940418
305.2882745441454
297.6718052622265
299.5892110473492
300.9995564291472
306.47816832613825
308.42762363805093
303.06214082465044
307.3993746851052
301.87843964832945
305.8084190059933
300.96891242918804
305.78399636013825
292.5254023736415
311.05020516031726
301.4784088106775
297.7996840241915
303.5634708344882
298.79909617265906
303.73300424127933
305.6976114542503
298.10610162196724
300.36532929931593
302.60937055631956
311.3250705569877
294.84170273036574
304.4857073869121
308.08079852965744
303.2438077816053
301.7473691613097
306.5333567648163
302.68181822916506
297.6590284761282
291.2641091148926
296.2988548830673
302.87306546598745
300.5843915694536
298.0641437940835
303.9023257124141
309.14526506149895
297.22823714919906
306.2476458231818
304.5682835474795
286.0697892412793
321.8041677322146
301.31732165117756
302.2945901113335
303.1241277418854
306.05200256099096
302.9622743861706
306.00746857182094
302.49850565015237
296.8131449849236
302.553351689507
303.0456867713384
302.58274881930134
305.96272946899023
297.88562966468277
301.9497335028021
301.1074727072983
300.0609149538685
304.4934598793556
310.9562871146823
304.1122648757426
306.39202255355303
305.74223702608464
301.28649172161596
299.5016278546229
302.32139448266815
302.8358672929636
320.68251415435583
300.5143005137423
302.72723881155775
305.8976790096065
304.47636963524144
306.81341064706675
303.3477299874197
294.75878508146104
304.4308144876468
304.6169296184501
304.34280979010435
300.73195649926424
300.75036927102127
301.4258640722179
300.6119628380848
291.2523650295081
305.10421284272
307.54092158373606
300.18519856727573
303.09102785744
298.99859982315553
301.928283879077
299.738755028984
309.7289765217108
300.06525660674055
304.8436180462238
303.653175656616
306.7622141894568
298.5799598543605
301.70000978449775
301.2806030716987
294.30573765931865
310.02631195065237
309.45407538763095
305.153075366619
300.1702696799291
302.28654191048065
304.37484030222055
304.4930099225907
307.54187749470833
304.18062659692964
301.12501899239857
303.12539187742743
302.8940913617878
305.52931925371547
301.93150397526034
306.9064575749122
303.60046375002287
296.961226397225
302.0411875760643
305.24415918518304
300.2504403039407
299.5365930348634
305.98989104158494
304.85455743251856
306.5597509969902
302.2765696308625
306.5717931070349
307.13809279682516
304.46373268864016
301.78247281349286
302.99138500625673
301.0676203869835
297.9760741140511
300.44420318625924
301.42300693087094
307.1458706900197
296.35790850419687
301.4995020515037
302.7303039710508
302.64096944486397
305.1745569753763
299.22703834845424
305.7823286018963
302.64222341228316
301.1301178074619
299.50463900299854
304.69352832826587
301.7322526768512
307.07174629551133
305.5521000517151
301.79197624260723
299.3880223916747
303.3431655204007
305.10407933254317
301.95329165215026
301.8886105485198
302.4572066145979
298.0025959419362
304.80374931228596
300.5307300607652
306.98284443234473
303.0991330606125
297.2308943305453
302.3995111303422
303.29607101866833
299.0545690574118
306.9214220440562
302.9624290483354
300.8905577873984
292.3269311101294
299.3822739702188
304.94859587447115
304.3339357419951
308.17126100552804
304.7164796950156
296.496994773483
309.40736432828055
307.17825272778924
304.16972565229787
306.5179466836853
302.7109658626177
303.0293814017713
299.3676343785195
305.2356181847195
311.97538224870516
299.4177780841886
303.4540883906435
297.1025906079467
303.1471669263313
314.5461666673888
303.4760909379216
302.5674854915216
300.9350823452847
305.52045760543757
298.657829735784
303.01760917382126
306.9989965300825
295.56929320260366
299.04789227938977
300.4055986752374
307.6796447974541
303.2200090414136
297.5189565597619
301.68931193078396
308.4382085569935
302.9486139750811
304.3535674608332
307.1627033641087
294.5265453248726
302.5905711494757
304.43051671656656
299.44663499847195
302.388734385239
293.9373983472436
305.91410110579136
301.7554101979949
300.0175304929848
302.6190373433819
294.165390950693
302.1114182560685
307.44631458525754
305.15490888162054
311.9526456636718
298.8395030098491
301.17650035005437
298.11525898089434
295.4140377103544
301.5171150860982
304.92161366553387
303.82756134833784
305.6346027979975
301.2624560659318
309.2837820466225
305.20736683469056
298.42342513643797
305.5783224788912
306.0299915876603
314.7824053921933
303.29395641831957
280.3011537739563
301.19514742951844
299.60154440481057
302.73792123109496
305.3912090274831
304.08985295918006
309.496099701323
299.5359723589235
298.7070341744297
295.70098506968156
305.2440051099687
301.4981417039223
306.7705422662688
303.0869235010163
309.4459578095409
309.07870832580204
299.36893628921064
303.08672062066245
304.2815604984759
319.81040477342015
304.4167385518408
306.88628058758496
302.3899632359012
302.4875991462508
302.70290388215506
306.24862936892913
301.5721871819614
309.37179050692913
297.40958756020007
309.0276585822621
300.7437146558167
302.04278625756064
302.8834704237961
301.55209983717043
296.09884057996015
308.72501524639614
306.78254983018826
306.92502811809976
304.37045867882046
302.81856464145517
300.2947969582307
302.64052617637293
311.4857909291599
301.6709045652954
303.89260046726235
308.58477983165506
303.39981721269004
307.3452546926887
301.82483637758133
299.9756014998616
303.22154060131516
302.31912847726284
321.0458328323644
302.746973157435
305.00326866346944
302.37719407290837
311.6851463573558
302.1879724067859
302.89386147522384
300.35332550047895
303.77999842821646
303.21408195645216
305.54786065974076
304.8347862790516
306.98644869827285
302.1713683061437
310.996876190637
302.82141732843803
305.3159171784045
305.3895964022001
301.25051160852536
302.0282534405709
298.61539356187217
302.29758601212023
300.37519101939273
301.1563007082078
302.6375071775763
305.03002354734366
299.909414633151
307.2990286954302
301.2342276259641
305.43601657484965
300.5351716038492
304.9367349525548
307.57967754917155
302.9050975573823
302.1717979628356
307.5404535181872
294.8994668406382
304.8453486828818
304.37249165368917
299.41152437588124
305.30980398798704
303.22937534968594
306.78586135294427
303.2339161378676
304.70387013035037
305.4593812071599
301.3392635599064
302.4139705947688
303.16869582550584
306.05426236468077
300.49168333110515
302.02741690499397
312.62522047020633
312.6841048816377
304.02494510799295
300.9117874448911
303.37154228979966
293.5250381324018
305.6527995230645
302.9567821023326
302.46373846525495
302.2955317839514
301.3285183770259
305.90494175676235
300.42414786477553
310.04498251982966
301.25293796416213
304.5031031617195
299.6923636717105
301.43533443940237
299.80997623756167
299.7548768087735
300.5665179953333
301.9453767780712
298.9643885802864
296.9531129164582
298.2021163819211
298.8981370186101
295.7030987223978
303.1198733417036
294.19725555993807
304.4280104530697
299.085268841052
300.0322029576282
296.5954264000338
295.13049532381984
303.5211738321109
302.80913347068997
299.5319335535492
303.0477950718812
309.5512996912635
297.5746043933247
303.03280576149547
301.8383242972869
308.19458804322534
302.24001228589384
301.6608158194534
300.5665231557938
298.91519150421044
303.2035537842243
305.744641757786
287.1140820295451
304.1268621620996
306.2508369101398
292.79930952925724
301.30455515462864
297.80906409009003
299.53119961387284
296.82502292592267
301.80206921182486
302.17751258144074
303.0044091732701
311.0623425089111
297.86959237872475
300.49661619686725
296.0735712461598
304.3960571059432
303.0306071662947
301.35565711685615
308.6572776043893
297.53687788193673
306.3909228576489
303.7179175226784
299.01883202145757
294.5719331423797
305.93034472205267
306.47692970639616
294.67606954115433
312.16517956832485
305.2124755735568
304.5630540258519
308.1733729916657
311.6966456273073
299.2795952999023
301.35392365954493
300.81969354843943
294.8962461809275
304.8229047749116
305.9366860812413
304.84764961798305
305.77033589124915
300.7106497612619
303.13650998267275
305.26597982649355
301.5462493045479
302.73677823079476
303.84515781341844
305.2438623242574
308.669188479227
302.19640631261194
306.66742476153934
300.43790387992556
305.2417179363125
300.4669007183058
308.7316514419864
305.3139762121909
301.0845964452526
304.66788191743916
301.59370429598255
303.2399022490047
306.93894349046855
305.18061420577504
306.534913307083
302.51960888113103
306.1302428224734
300.3754661061585
301.33120423964317
305.80703971557625
307.0547145717365
306.9965446235923
309.85804920656915
301.6777701281678
301.3574642762575
315.07198631516695
307.3096440355505
304.2289936129844
305.49999994397206
309.4371373704675
307.55706627432676
303.38408424671604
297.8654917611747
306.353787308294
303.4122138063469
304.32559523614316
302.7382723695308
306.46350670046394
305.565350320918
302.99445736726005
298.56180401791386
297.67297451885855
298.1963774293453
300.4970653761735
301.21560455655225
310.0942145342777
300.2004522418069
310.2950799419063
302.62949147954686
302.52605859580694
302.3700691752327
304.2921121820826
301.8322753533399
303.8780160859563
305.80423221224476
303.1215538310055
304.442654916192
306.5700491614287
303.1528804861561
302.0105129676114
304.0032403723746
305.47695239317295
301.6700623422932
297.86828125168313
306.2548628122956
299.7156523074605
293.8819079729242
306.6896414196577
300.9829975009633
304.22346216213015
304.2877679702354
299.6348831152138
303.95415716106777
304.5378164881169
310.1803736467567
299.9697550316936
303.2805027319548
294.7837686375599
302.49423453951664
301.25683553382174
306.6198951661931
296.2979821589885
303.21136160909117
300.8629884631401
305.377183854066
303.4747739208917
301.62084219951157
302.64518752893497
302.06935325357466
300.05011219781136
302.11542341880676
304.99829411382126
293.8239962651915
304.4661602717882
307.2715118892837
308.6236012230976
303.9363047895806
304.4493274651494
302.49490903249966
298.8306031948368
302.25506275670347
309.61369592014177
299.7758238533684
311.75946381914895
301.98568195601666
297.2011421090877
303.255336960116
297.18340261319787
302.66834518130946
295.47529786513127
303.27659236273723
301.49710067152887
304.3519837308474
303.2370735673313
301.994402026242
302.9304043389362
306.0417250833102
304.5356913423242
303.9092390406704
294.0565562530695
291.037425285786
301.342779201745
303.8255059568945
295.03108608347003
298.73501049591
303.8405540629136
302.2717628341251
306.87366007561315
312.0869050264802
305.2237504217545
299.60357888658825
301.6072833651074
307.6613746090283
305.847398902357
300.7958243842387
307.0402793671896
304.4874320833249
301.2756209441662
307.52147706577153
306.43079109492913
301.27743131123475
307.91327213742835
306.242094834669
302.8056818817596
303.30199901556
295.64413765047243
301.58194139885353
302.6396736958325
302.6687305907208
308.7156086558825
309.2577110589498
305.1155031526569
302.5963989665668
299.9925447052541
295.11177480314666
302.3067982415003
300.43066261768666
303.97950611239116
307.4644858746304
306.9214967131178
306.18017976472277
304.5427907191224
304.33768483435733
302.9007509330997
303.82949924388225
302.14414348502913
302.9851366367452
300.0972120539371
297.60885669979547
295.0922638940348
302.33486053005265
306.9897512770905
299.88662327065464
301.4993957106348
296.32554959104226
305.35987738726067
302.5896595737197
302.43038382826836
304.99245558905403
303.05518125391274
291.27868188290626
303.3729253784006
303.06495224815467
303.1628561541762
312.64243704927395
299.09993951262106
312.7108405352583
299.07436024759045
303.37568505972393
300.9392024099173
287.3749861036056
313.2720896476737
301.88884509198715
303.65001769448924
302.1166318103672
305.49065340145506
298.69003302537226
306.1026061714587
303.065495634356
303.94001492760583
304.497976850845
303.71668670536616
302.4260703800805
303.8956955324636
305.27574181585027
297.1441378899245
304.94225735318395
300.5915184575166
304.0500926517763
302.56316508284874
299.9562280619895
303.5838352406158
308.8945235858709
301.136925660468
276.6562848651027
304.2689033295817
303.38375760067964
308.55329795599914
304.02490748165314
297.34819226760624
305.03100290951
301.67613005285386
301.84168523140664
298.66830396789294
301.7194682882654
301.43547471235337
300.8345076933245
302.0855514490777
314.83066417509065
296.6749297794537
302.2433053672376
302.70213696111244
298.6755336393685
305.23003465757273
301.3049263869092
301.93037928873764
306.40755118055
301.72270591807205
303.893624146489
308.7234356789966
300.60448368149133
299.5846207930888
304.4187385258323
303.2362097373543
300.871168547634
309.19406982483923
299.56768474016235
304.5533229276823
291.79958289217114
309.46172094853125
302.47844303505144
298.9106039830821
302.823495437659
302.04634593176615
302.4255098490341
301.73180261188446
304.7459414044948
306.5890957697749
295.80490288754675
300.35391366879
307.1407583265896
307.3692172586639
301.07283352081845
309.1326781796542
303.52344436764525
301.46798568263165
301.27170598192095
303.98158202655185
301.82203999758343
304.8569187532937
301.65126287225524
305.89487643369137
302.70925289863317
305.08218195989764
302.58693068627866
302.0149156722747
301.5636552716194
298.9486723869358
300.78346502656126
300.922343390673
304.27097550790546
303.2357490260183
305.1425407497169
302.78094490165665
298.18139593066525
295.2315216250295
300.5352954855999
304.9819362762291
306.34023418853576
297.50721482740437
306.1468796493453
304.5540187021248
303.322539211058
297.2894552290367
303.63784737077407
302.99769169915186
304.6856616650264
310.56905733841114
303.3895016799931
313.6127773441095
302.5908608058764
298.4425895192255
306.11735889587374
313.6352467197236
300.0459578619234
305.896304557485
300.58250125675033
304.46599587009877
307.49711064587024
305.12803319427053
300.973797311997
307.2830772915912
304.1701057769966
310.0695579907444
292.48734046355014
303.26117653810553
303.2269110583311
306.8202694810562
304.09369865561285
303.44272594579166
304.07887829576896
302.42439619417075
294.74894078769233
303.5956318976836
300.3650168384527
301.04645783158134
301.24534887344214
302.80639347358476
303.70891597802034
301.82737393025093
295.3681704342588
302.9956342825805
302.19549777017426
297.1868566315413
305.82709327277956
304.01051482726876
302.7276196840585
301.2214704651973
299.4375566901477
302.25923618115297
305.22805923607365
302.90135028051117
301.18915764408547
300.57186065308235
302.2936646078143
309.51631306260754
301.71936079774287
300.5006785710434
319.2897252044061
300.04516464419567
295.67132111878726
304.9412680871716
305.96275271833997
298.74999418456576
291.86346615700285
301.0392299535725
303.5115423618025
296.983624069695
302.1693213233874
299.5632220848648
309.6028299643135
301.8827872468514
303.9537595550923
302.2464911405931
298.86477292935933
309.42406861558777
303.37016259130166
309.94920146145193
301.5675716237284
300.3870211481929
303.56328610211773
304.81750405613815
303.13236543355555
301.91834671943104
305.1514979464315
299.28528415816396
302.3747320060313
304.7566854557578
301.08011565719966
303.0042165254212
303.5661625161409
312.1201316604021
303.56738050922775
304.0736614309497
298.94318861658655
308.8151797759526
303.54863878203014
297.88877464730894
303.32420007054054
309.228776916571
305.0841845371014
306.28213174446057
301.0345101503216
302.21462179236124
303.1058603017223
299.2016169634447
301.6685553544666
310.3179412457109
300.81445577177027
303.16331598428684
307.03723792767454
301.4126965466286
302.394470951127
294.7382484610077
297.43825859137183
299.37513297302627
303.9694858108301
303.1331963506013
307.88759624344215
303.2723861996818
307.425463560643
307.3378196646713
311.4888823250015
305.90613772406937
304.8309198129038
300.1418360850222
309.4219071948475
307.1734377175786
305.3012830253391
301.5901804829954
304.7362735870272
304.602483351567
304.1908623947851
304.4053917845618
301.6148448729539
303.28599708535376
308.07879575790673
311.20752784429374
304.3577115661673
302.9527742662318
311.51689503352804
302.4690979655076