364.27292640254257
360.6117602115084
359.93432165931944
354.3817748035189
363.0851167103121
362.01674281737957
362.05869123827955
357.1532200953575
357.82593823746214
360.2049895884891
360.761364815249
360.91831962729117
369.46422065781206
361.47444084063494
361.48891700929283
359.0136017618073
365.70554826350025
356.15003472166853
361.56660740196384
362.0325446969502
360.9588837406894
361.66828123444935
361.86738542368545
360.63397480064793
359.960566362939
362.3214234243683
361.8168486373006
362.0621272599277
353.3379632235582
354.7529859095411
363.0620326275078
353.8760561063492
365.00057444482655
361.96712326463347
358.6318979337987
363.5498718509834
361.044768013184
366.0717134650383
360.1289591668258
361.60097528325844
361.9235558824908
359.8702250632678
365.43697187416944
360.47048595229955
370.03262974554826
362.9772110932517
361.19333597127394
354.94934594203994
363.38757153698214
361.20683057662205
360.0717624306535
359.7341834734809
353.9399879939294
363.8873815156331
358.42019450874216
364.9661090642151
360.5936645712048
360.55571982737854
356.8686002085901
362.16500918046614
358.33977200482923
365.9963426625837
354.5035537717947
367.6380292053094
360.3631421236039
368.73508764049575
358.1089116111889
365.6363272977697
351.2151056801254
360.6278788337487
363.4815277543401
360.46788456046255
357.1550213135431
362.4586274887422
364.9398301497168
361.6203520964259
360.47867087058285
360.4958917054594
360.86343944176525
367.6296123644702
361.06365011152155
358.7995313832897
360.66062360173873
355.03876733823984
361.22475044881435
359.73411243883965
363.7855369251199
359.37781726619534
362.2392919158031
359.9573260432262
359.01169369619964
361.62660565511504
359.92254917089616
361.3502213631453
359.2836362267141
362.7844733877876
362.8791773823586
359.82028630718946
359.51814143546574
360.26256659515565
361.563095128843
359.9745513002451
360.6771576554239
372.261371783093
357.5401388757165
351.1843991902687
362.0207129828853
361.27944341102074
354.42112890848864
356.9481392878371
360.2606077201106
366.6197956851059
361.2376019150729
361.347482036591
370.1808934784312
359.1210070725286
362.45847909278746
360.0472516323142
358.9365380310074
361.1925930544619
361.5544919956742
351.1243728671774
362.073331969331
364.39932547291846
363.63360926447825
360.2745777563099
369.1280945783531
362.18039007805834
362.8056321679656
361.4153376825046
362.5716133139059
362.82269197020906
364.6055590040478
371.90540199606335
370.66875923238814
361.40535884288204
359.4536150020731
358.87994469311076
338.0683691147221
355.49284764870623
364.2860546968476
364.6195617267939
356.1499860753618
363.69095400607114
359.0923325939881
361.3714150705214
359.3086289344412
361.7300600679417
360.7262610430701
363.7526986038886
358.18144727389733
361.7401100472174
360.9406123617462
359.6248644764114
360.27826905567525
357.3398440444922
359.554843601693
367.79253460305455
353.6203420956704
361.22754747786996
364.8432083369595
359.3769421291609
363.62301466884253
360.7147151607094
348.46177724454225
361.0078674616832
359.75795474956897
359.6748804263257
361.4512417100217
360.96343973463325
361.07169956907165
360.9219901694968
364.71850450093746
359.5388460040394
362.6459789971291
357.052781340819
363.11407188401245
347.9677670440016
363.548547872754
368.219315243848
372.40373668913475
357.91064834594107
365.4930880884425
360.2575909872814
360.2367368247064
361.4222178615097
361.2126944083583
354.653872069094
369.6035489256069
358.30195991439916
362.1484404511307
358.81206938517596
363.2469143375623
359.62451540311116
358.24197019981113
361.94328182645063
360.59975321890477
362.43244565781606
358.74243442550016
360.1876345327553
380.83378866446196
359.786792788961
361.91312968653926
355.83820797765594
356.5872699314686
360.424320245151
359.87284574292636
363.1369758026569
364.6418505399484
363.1996880402968
364.00282290375395
360.74749252849546
366.3941270236728
360.13076296189035
364.10832844270595
358.1594919315153
357.5731291832555
362.0583864560378
362.1957962957172
364.28155203533146
359.5255807453707
361.89968180890486
353.05288178811105
360.51074776422246
367.20937666635416
362.34980890325375
360.01517069411153
360.32091911142334
362.25538800075543
360.7515923944036
361.99958624999505
359.18292007966306
348.8364095021512
361.67779419842657
357.40172083620126
360.2788528407649
370.71245962968015
350.8961711107431
357.9535757533829
360.88501308643595
363.1211077144287
354.8447789930996
359.3223209762451
367.9809659592766
358.6850013491605
356.7581174268257
360.10707699476126
367.002590138199
360.8201989101829
360.8652904345088
364.5327935262568
358.70831160353
362.74945631348726
355.3979319297971
366.26912599328307
367.9853956945564
361.0193728807465
364.91974408780476
366.3875313541708
361.1178181705659
361.3850904635479
356.2589232887403
359.1230300117938
356.90126351218976
361.2610999641755
360.04109055247204
357.0883503274473
362.6747488380057
363.3444966043072
359.2573329751136
365.1470766470366
346.91430183238754
356.8329136531199
360.3407236503028
363.44168069087647
361.35768545503754
361.10558666666003
362.34548562560053
354.3979164005091
358.01449452921577
360.68232336172207
364.5524274708086
363.79824569168727
364.4881119516458
359.40245765051293
363.8576102014097
359.93498089899657
360.0178734139097
358.5046760180415
367.2194877567867
360.9591295297292
365.9273294789651
365.3177595675938
361.3417515643524
357.2337435362302
363.263479025689
361.9674617114405
359.0877364157837
349.88663353341656
361.9912464368151
367.81938710234203
361.2206546782116
354.9698883465637
355.0476670431223
360.8038406559824
364.6801539114757
358.39361797677077
358.40830441433434
359.69665560907606
362.44712078972583
357.8999922725103
355.1892231805192
362.2300357738733
360.27665229115473
354.1217333443924
363.93111501481525
360.35933210846133
366.4106750259907
359.1253392661379
368.14966612077507
370.77927485187917
351.81997239100696
355.2634969351325
360.5044545230561
364.9569285090969
369.099767505998
361.92175244213837
366.2618760738184
362.6791593917483
375.2921901623761
358.9344688225164
359.9803450607447
360.51638616914363
359.5246729829619
359.7746542977038
360.66584576852387
361.6177748270448
356.378599332726
360.95042954244144
361.8549078958193
360.99336531004786
358.39616602654075
356.2953548552744
362.92415796456373
359.6922145469116
360.88976016678663
367.30011225301905
376.5638919292723
369.23618889784655
360.94314248487484
360.2677258730145
353.44915757982267
364.28509305026944
364.53661643839064
355.5527157786989
354.9597197088565
360.70363702598354
362.3822212493808
364.45975231017957
357.6866388514087
363.48285989118165
361.6183981641955
366.8322878356234
358.43715711717584
359.22682197079956
377.2694058607925
361.47938862135493
359.8736448005468
360.2114757755217
358.25364248165124
363.48238794520734
356.3053350363833
362.0851012762344
364.896815270422
361.72779603874443
360.81560927329457
355.86373853607273
361.99615838905174
364.39061516040005
367.16970835175965
366.6696850956562
364.35505328815634
362.12947703432
361.41634474331306
361.52471177393306
360.0265538841975
361.4604242197739
362.18120772777627
363.39454873094303
364.04042717056666
364.7691568716853
359.61770469722063
362.9198431560585
366.2224170734567
362.1744266392757
367.3165237714024
359.20000677478225
366.54323884547637
361.4299383554155
363.50570638763605
365.0607460591251
366.05321870364173
368.64552866045244
363.82922414356096
364.32412475395245
359.94473831261456
346.2321086924362
359.38354319109084
355.9964018461202
360.51294469560025
358.8756814494589
356.40321556674127
362.82171389875725
350.7348705384656
356.5971088499427
363.3529761778375
358.2505013302903
361.33361419767215
365.23852547739085
359.69591630751194
359.2742097093627
361.1806742918223
365.443222537141
366.6087413027142
357.4089802238037
347.5942829392009
359.08066007882815
367.1384313335408
358.9995151093849
367.9895421379436
365.7011384337197
367.66499262074785
371.3622127361091
362.7926612062174
359.3827522335212
367.04656367333985
361.5264020236169
359.0516702782404
362.2853502871638
356.6329688156856
356.22053919842233
354.7551648545459
360.73714537267483
359.51774851832073
357.75166296329496
356.2011711401136
362.17735088542594
363.2643104360035
355.5460091795929
360.37870434708606
362.2567353104144
365.96114997281467
352.76587505537753
366.4704260825539
365.40857376851
363.63489088790914
359.8284170190336
361.3829910444959
365.8108243116932
360.69269322208663
358.93614864752743
360.0036373502487
361.542100577608
365.757804319205
357.8656079433738
357.57524629598174
365.1684007499129
364.42310853934106
363.97824511234563
363.225516526061
363.21682292766917
358.0535267955672
360.24153498059667
360.54416503302167
363.874684144711
353.9592688035497
360.8724498320715
360.08156970901456
359.3401055719035
352.60948988642014
361.07421633625626
359.945228764512
355.09746479043457
362.670082467681
362.44242868460145
351.58393272129524
366.60322524604834
362.98148621285173
354.98316228071735
359.6532637592506
360.38139774688955
360.9170954405566
352.7473158849972
359.3247427088646
357.0475786723786
361.5059889849394
359.0278269839388
364.4492597114023
362.16861669791956
358.68137443176977
358.20974781197555
372.84816401834007
349.4300642344843
361.55444105675247
360.621225694106
356.99341243180214
360.9328205858677
360.81800088848286
363.08409753642115
358.8444336426886
360.00085596203024
361.9208752855547
358.43414766417584
362.8586833046543
358.91882252351195
358.8348373320301
359.98036189502045
360.698761123406
360.2870892039552
363.6288016750588
357.90866806746067
369.7366696182439
360.2580645798093
362.5109175961161
356.6477119700689
356.28099642179984
361.0334325844659
369.5081474724098
359.2204797449902
360.83414847611147
357.9685106763993
364.3881337122624
360.76391555733545
360.89450101624925
360.2209247713425
358.0232485326797
361.6163888395891
360.39862316821973
365.5501048674074
362.76959455464737
359.2136777560485
361.1777503585247
361.2800153048553
363.1073915305223
371.03534157438537
357.7204509886912
357.3766808065324
362.3425896296656
356.5798491135356
360.5021275397957
364.0666464765354
353.976552470534
360.6361234026604
350.31924779780246
368.79657672447104
358.2674066803631
370.26227210174824
355.5772907144214
360.14968120930223
360.87776874264273
357.2400823730017
361.11056025501273
358.33281568433245
358.36783501175665
356.6366897280121
363.9537456998616
374.1670098385415
364.0969451103846
362.8054782263844
357.4941545017793
358.23036091101017
355.0631381261266
355.7485382819564
362.37826445494665
364.3956909387071
359.32278693428714
359.71969800288207
355.69223301400166
363.6123810898131
360.9175118353523
359.41673571276436
371.8889633941678
360.77303483643857
363.6495030350816
361.68501444788893
360.799239321286
367.3784534089867
364.075849763758
362.1761796349043
361.09095530377465
357.50824909330765
349.51453199283515
363.02517200598857
356.8518795426679
373.2987409955784
364.2994203018929
362.7869587486038
365.6125717418725
356.76435745590476
359.54897123082463
361.7410005148302
368.24396336347957
369.6540891171619
364.6485414086089
358.62481981734305
366.1775104040449
370.37255805146253
368.350081106234
361.44673106137407
357.13508434120155
361.61489651885717
360.06870816021444
361.5582141831885
364.8212953343225
360.78739265952447
361.0642581891413
361.51318501392825
361.33662373332163
359.6272354849847
361.483687772384
366.0685717288426
359.67577786651475
360.9115482816877
346.1033799059784
354.53518240369357
364.74647471441017
356.32767216602235
361.511951283113
361.28930832076196
361.33432099997185
359.9625414428551
357.04840188518585
357.2818272661176
363.0545741357006
361.57763054620676
357.0605876024283
359.79268531726257
360.75543583069214
358.3356638897322
359.3334979196393
362.8939110488966
363.9933227072545
361.2973775567035
359.78092858331456
356.41735154311306
359.800984343493
361.4801094719062
361.43610636315196
366.3435428704629
356.8972261806934
356.3214477924587
356.7112328771
350.5118606236464
358.4749939637407
361.14988265133496
361.93467860823836
364.05811065278834
361.76013525089445
362.8478697237278
365.7583951259835
361.19918595675387
360.15709846948243
362.56541561158633
362.6239691411252
357.3392576440287
362.19948130857085
364.34189056743816
359.06493226527743
363.12696360166007
361.39873796493833
357.9341733191387
361.23458700676105
359.91894758672765
356.79942865974596
365.2486125092332
361.6981287744779
360.9050597517652
357.20622834163186
358.9187580179205
360.20664546852447
359.06492500017794
361.34712243324765
366.0165127695138
358.3434159009922
352.287311215625
368.8813377777228
380.74624397458797
354.2238652726374
359.064183235807
362.8925114078056
358.54954668257034
359.89270409119837
357.1368715129451
357.89634998048496
363.88510996016294
359.3710413013901
362.7351458747475
357.80195158688343
366.200518338119
352.58991034881575
355.7030179560909
358.6143656682771
351.1901568134872
362.4884107636197
358.1408851851775
360.39315340284674
359.9014263267951
365.23446080979585
362.1103420858291
366.6096871614508
362.01015755386135
359.12298704816595
357.11000838956636
365.21215897620147
356.53771869672966
359.55501079584025
358.95467868985
356.61994093276326
354.4027619740916
348.8287824854912
359.49814780714814
362.8503778895154
363.5962760280517
356.16968675831276
356.9087897206684
364.55636254987553
355.55581076297653
358.12744974361055
362.2469285920035
359.2577213877516
369.37108729628704
360.8288322452378
362.4553772194702
360.55956963484454
359.9475087899913
362.6279342811151
362.33444379505283
360.6551207090524
358.9229939698987
360.9302835620062
347.74951408763025
360.15294138979607
353.1084770282195
359.265597072491
366.32492369488756
360.28473576460027
360.9880445827979
358.32608543970287
360.4472737900992
360.3665390204781
361.4588485204866
363.5990880869074
358.6802949234403
356.0901535349697
366.31039944032636
363.8680801967348
367.1878829956848
364.5390887387683
382.69089874006147
356.79298336146854
362.51207529857004
356.2570261695898
361.24701965191707
361.4671773407222
364.7810506989892
358.79667082699
357.4758725710862
363.9794200526647
361.11327049693443
361.93363551552653
362.90749647454885
362.18030284269383
359.02377808822934
370.32164230744877
364.74549962257083
360.9520084970344
362.68236547373556
353.87409062859984
355.42560247271547
374.9613215300056
360.4663780236246
356.34075138344633
355.59876375132706
361.8204790770046
363.5947183383508
359.83477430788446
366.9207145361793
357.85556893023374
359.9581935858352
361.0639358626586
363.4681100072456
365.68252007325526
350.24383520556347
359.05980534147324
349.83885213732765
362.43756127113545
363.3340824155534
361.61333877805396
363.00472399562693
353.45460581311005
359.7148556364112
356.3578615461801
360.7857531837395
363.4036035894701
360.9988707015418
360.55985158339263
363.4782884408047
365.8714051895159
360.14443565232494
365.4684104273386
357.8894350221632
367.80661647485795
356.8646724600073
360.1850260406945
359.7061917985727
362.57942562523925
359.8123908619039
365.6889832602993
367.2817531603346
358.48544335362163
355.91123485172153
361.41567967520956
361.018897760684
369.0368062517098
363.1836714428815
361.27362121013647
364.1479559252398
356.5862830800565
363.8014405441572
360.4432658767547
362.5817154887574
357.06686312865435
359.56642642940943
358.7405753132488
361.28827388612996
360.84480748726804
362.21876830919587
360.6115426621423
359.05744597306284
355.1592754013711
358.4286586213226
360.0030342887541
361.1279442740643
352.0835599928972
360.3518035473964
354.922552262523
358.9834882359201
364.2471073380011
362.5620602377016
360.93631497583027
361.2970010472247
361.716526161757
357.44264605288856
362.5373768032193
356.9196550136792
365.9992343476629
360.78505258840664
357.47829888329125
361.31724681288125
364.6612747148635
356.07778490059684
359.22012227031075
362.65982967280627
351.87624677273806
356.0262855488094
371.5392958646627
368.41771351523914
361.3280482256569
362.23690600692817
366.11726311875475
359.27621664146426
361.166119995106
355.2320926000035
363.73010912286145
359.3480506573521
361.3526963074659
361.9683683737534
361.5210213739095
360.81875843412814
364.54407733740817
363.0546133904952
356.540130837995
361.35711893739636
358.8859349334816
372.707805108458
358.2069585718802
363.8468185400464
370.7843378999803
360.4903311367374
360.3484257665142
357.5935824590739
353.2198928455844
362.8212097121925
363.4225844081533
362.96558886019153
364.88754014850593
360.42591480569735
357.22074572225966
360.7997501955843
359.8410811696785
360.7779566197108
358.73779131921833
356.6000936038482
365.414319352358
357.50337690772824
360.1799100418447
361.58744440468723
363.52102554717334
353.9153173204063
362.30618500438453
361.2041013297309
361.45065371676924
365.1629254978609
356.667297561642
363.4454944548205
359.0053530721889
353.9523320269374
360.7736516251313
358.18039812111294
361.8845749264566
374.8259905954434
357.7166963078711
352.87653573742926
355.2040640028896
361.8495506370282
361.0232218095699
369.8795070078736
357.47557446022154
361.91511470488604
361.44096840981194
354.334467378984
359.70641583542636
359.75033147966224
358.4495081376928
362.28100982717643
364.0840423857508
366.29206272571594
360.6635432332646
360.3023631172116
357.6681160555434
361.34583339713396
355.62311535604914
356.57390896153345
368.8234785773996
358.6949853353115
357.44069974886304
366.9784966036216
357.87895714739346
355.9525358355308
361.247971783389
365.2814272989707
360.36484780938264
354.63619363889694
368.10744434906945
366.6386741712353
362.3900586986553
362.2521605028471
360.6859950486182
363.9527493113405
365.88861620650545
360.45093248878266
360.4718330935333
362.66296170439057
360.95372049849414
348.9430607862935
358.95839090660553
361.0546210456281
360.8756658570176
361.57067880905
360.9704155711459
354.97854962196635
361.0481543247877
358.04860586767035
357.9749068246209
361.82240182940893
364.4978345639343
355.5469866169547
361.5687886459776
363.3521769612427
360.4670874745051
361.7380920409265
350.60666654914166
363.5825024056545
359.77426864128535
365.42751190988145
364.66322863074726
368.84123822968036
357.62523584377925
362.40950272764337
362.9612977617447
356.9301139865411
363.00254263362996
356.539772283097
365.0350297371072
360.8485927969631
361.4228882805804
360.7052492367774
365.17803387367843
363.0817075670379
358.2264461509342
360.68212267382944
358.13449503220346
362.48536691228117
359.41593406030654
362.7774175813254
359.93760911038027
358.69407980194796
364.8969055686873
358.3029343753568
360.5241251938258
357.249234009184
359.34000538763354
359.7137758460188
359.2003619033831
361.99546853762854
356.7096005625242
360.2689415689321
358.7626782868771
359.21183904936134
361.11149502444806
361.15436313880923
357.7001690312213
362.82480178539265
369.9018036554192
355.8777079694735
364.8704900288809
359.25321554078096
361.65966253430344
365.6976335723987
358.369530953724
362.89141182282924
363.34373573181534
360.54998249164316
348.20636463697633
359.60237021691506
362.5335120195758
360.45571038287756
365.1021170592086
360.9282947681668
363.47794841182645
358.15061118088715
365.44126506491733
360.0377117809329
359.96455172924897
360.24181408304037
357.15530853598284
361.3802170463783
364.61284594409085
354.7366841957153
361.78294182832724
356.9347363269896
364.57993366633684
361.65984034977384
359.0455592980751
366.21794949754536
368.2296148856011
361.7452876307618
357.02392425147747
358.4182130883353
370.0348980986085
363.0490379020117
361.3152175270107
357.60115566983956
360.73420309743005
364.5784708226543
348.3261648265309
375.6468678386857
360.1000895100494
360.31913006794235
365.66490457989295
358.2477738749206
360.9827143784532
362.3857404377405
352.0405003762058
359.4129123891749
357.7232040946035
362.2996721486475
366.0645276253627
364.34707643472143
361.5921374019308
363.13416959154534
365.45174962290605
367.1182353820937
371.85843131517765
366.64647909588996
367.95498783751793
359.51261618959825
355.60308181177936
368.03637217343135
362.45574401108735
361.16581328235185
357.131234453123
369.70997404956603
352.72283790673094
363.5705688283057
363.21999954749685
360.64237431112457
363.82374369096834
360.44191817002735
363.21418306382037
362.7227341126289
359.55938229552527
356.5391358576993
362.2459005530277
365.87496883445596
353.3615749218801
353.40358911855657
356.51742516126984
365.16408856779185
361.77001968516475
364.6529201467241
356.8851096932665
362.9750494043349
355.12895389964103
360.9801798839873
353.1834684772516
359.43109633623305
368.71025203933306
359.74870151953905
362.0225035647995
359.7412470300074
363.4765355355994
358.09796258095844
359.7193834446364
359.06703935324657
352.45819823008384
355.0236883935131
365.97693709769493
365.21155192958986
360.7214315374976
360.5899378715139
360.9037253236444
360.2468436054204
363.0094855919497
362.16696557428054
348.4541037015616
361.8610417483083
364.5094007535814
361.9372703587041
362.15998709839846
363.9020727152845
367.0413984902157
363.0460149433359
360.7531011736133
358.47415122823645
361.3902000277007
332.9491934420258
365.32511065465485
362.9270090419006
358.3286204431514
358.7009146872175
357.1801636249599
361.5749973638762
355.1621941459963
357.76999655387846
360.40611397952836
362.2781830888081
368.00366332601305
371.15989539062645
355.46949018421583
357.9535251801686
359.25751803850704
361.2276209595937
375.13886826990506
360.4449167627774
361.1316193956349
362.54193403800696
356.38462328795276
361.74455603160027
382.82181409175894
355.0653900445393
349.5794565635261
359.69976970167
357.6397173026935
357.6358909817493
357.95082410074474
357.3102444145939
371.27007440483635
360.0980939999407
361.50617232446405
349.48398645227803
366.96698915220225
359.41407427951617
363.1633088100846
364.0512815082914
362.74406499552
354.6851705919965
362.76793777991605
357.70497857468683
357.8636149483001
360.8445969976483
361.35897183734437
359.02742480395835
369.5879537406395
361.3344010634599
361.98413609685963
362.02914731030955
356.25668840557194
361.35299118320825
362.4528348065666
358.0433385580561
369.7960161600819
361.0127091889187
365.26740401978174
356.62234844049686
360.74388727589474
357.99026506179007
361.6764091464876
360.49845197374606
360.69487415261347
359.5625439702268
359.92562385335793
369.64525552906446
356.0741301362577
359.84404723441605
356.7098324703973
354.96533106856015
357.1947426330259
353.40088871342783
365.2761792146061
360.03215706902125
361.304668832746
355.3387557432158
349.21245801091504
369.3616244851272
357.89169067140017
360.7257543828151
357.4533448770709
368.35771612338823
360.06558819908105
357.66560822153923
361.0284367397377
364.5477344149057
363.2885362086462
362.8976644741196
355.84717991208134
361.06436628566854
365.17751553235206
358.16953896950986
362.7039433455001
370.52530082386454
378.6555726539422
361.8602236590416
359.95167300041214
361.6353842381358
359.2882754438667
362.0312608858228
361.27501345642395
360.9039111137581
364.4014396600562
373.2480926328431
366.50976154471624
366.40212446782544
363.46290291097927
355.23216995428834
360.66037374586574
359.3611594807509
358.5091671337634
356.48020367464034
360.7279085234047
362.31727833443296
360.35499431764725
363.35953560353164
362.76419713269416
361.32746302991416
359.80965193253974
362.75850857789106
359.9461120475093
361.2533078693906
360.43577854404435
361.19987880071426
362.80057136670723
360.7565837657585
361.5182590711255
361.8626959817378
356.67816283705093
359.1241857163136
359.8427417162343
361.74500456516523
362.91168454449485
358.57354610024663
364.94629309123604
360.14910079572195
361.85863666520373
359.85437948220056
364.14481852244785
358.00900156872075
344.48974365686956
361.12327083400254
365.0312586478544
359.45854128988003
370.293394158284
364.56579762408705
359.20524934324817
362.0110795172712
367.7800510198604
360.00332005942846
369.6766342725129
355.8120974161957
363.2878740851075
365.0455645359154
368.1564322679362
354.7323251133267
360.5170046888133
349.88967656270364
358.7767018246098
367.40899953758833
365.85940248457626
346.66186270760755
362.98828297892936
358.10298056087817
361.9738750899694
354.4371561438574
362.36751297236054
364.21749432632834
361.8106717012817
360.49278506912464
360.22420014565733
365.7723272976805
360.9029196707719
361.18713591705415
360.21710095540845
359.64209756723886
370.2250325537362
360.74532750827524
353.7553675429071
356.63869077424164
362.3014837863291
361.5061104011291
359.6600627403126
365.00368117544616
357.6267503926347
365.9151347418305
360.6773374549505
359.6690972391685
361.0165268404526
364.21918330940105
357.7642678922648
360.7473427167171
360.91147931325736
362.4221923565102
364.5619673823781
356.832185121262
359.06485508992404
363.27553572656944
355.68231148747276
359.0305322042849
359.4786168613815
359.42247937176705
365.17901804723397
362.69502917557776
352.6020720745723
364.81704413936734
361.60810183843705
357.3527902296555
368.60615868405176
370.7780811941024
357.5722818321165
361.7739065936027
368.8078679133034
360.9576010846172
359.41162818306645
363.4351359708841
365.1021531665393
356.159131524442
362.78766623111903
361.02554322281435
364.61207424753263
361.40136063264765
359.52849864151335
360.2078673438055
364.22178583580956
362.2493851842354
352.9816040725662
361.27712544024143
360.7404189695121
361.4402516317639
363.36549312609867
353.09433429576677
361.41369352912443
359.52985213569644
361.60414429317836
353.64995255522973
359.3575782531361
355.0355331756772
362.53041172516953
364.05032372095496
358.58239069666746
359.2032726427661
362.3322481955633
355.1987786315055
361.2964982144864
354.9635895481288
362.2090141068048
359.94552746253015
369.8255494994496
363.3147635009269
361.1184609895353
360.09651934434925
349.5791844248234
360.86636829270776
363.1603585188059
362.2968272228009
350.377888613375
357.9196673144752
365.60043281625826
365.34796056883425
359.03162895341256
368.6973445183583
361.4154922487183
361.04235041256675
371.0796914316073
353.4034159073993
366.06922737153275
357.9667548207248
359.661529699768
359.46739087206385
361.97651482733164
360.56386377148016
360.9662096957832
363.33190764029126
356.16119458117896
359.7217733621448
363.8826285228087
356.15058328728117
361.3882867148864
359.22860942051204
359.17441907410205
362.5906137913018
360.35794283794655
364.65732306688665
361.91058870529616
365.3732048552209
365.8281514227431
361.6101366953496
367.1532351352121
366.048709181159
361.68908970070004
361.89262816931057
362.1931024035126
362.9537643093239
358.56396914922493
361.408900733157
358.99131610149993
368.70427421625385
364.22356461667084
363.18375372414414
361.8343122360301
361.20542649123183
358.8900327377647
362.0664321579072
360.0301568335081
357.02167197965775
359.3477998086713
356.33749519566237
356.16085004933825
359.247391397103
361.5281276244058
360.96448173107507
360.5413572934638
361.81565636602033
361.25117660454134
358.35104005784996
363.0247958219249
356.44187275181565
366.2180439288064
361.92425679440186
354.63676481778117
361.28967894933527
361.7922349706626
364.476057792201
362.14501165528594
374.49025006598333
360.2603463623824
358.09413410029816
367.8986565364094
360.03199918812095
358.5510971612469
356.63107015324863
364.125389559222
363.66307322922614
368.6613453040271
359.8923219765975
362.8220091789832
357.7910550087194
357.6392438274146
367.21559302447025
360.8071907684824
359.2645849863235
361.03109918326527
356.67958099043216
369.7326679408335
367.6213422362014
361.26113070010797
360.767372608645
361.3204827832824
359.13174356460394
365.3918773207343
359.49068423368044
354.27191100895715
362.6380083079288
362.2511242926144
361.2937565890863
360.16781459285966
362.81755349641367
359.71086140068707
361.7473149552278
361.9173845333298
365.5058852714533
369.698502057222
369.887320799105
353.6756081306792
364.0361695200414
354.7582769760367
358.74284287577643
366.6431304914359
361.64349076445194
362.11842584904804
363.03564262534087
359.1650990621724
357.57887352990406
368.979656863876
373.4427487436093
361.50263579947887
355.3412439908054
355.8477235701401
368.00179898654585
362.01844156105835
364.557432927279
358.6296038998284
361.5413942562348
370.00300040089706
360.6228647626352
359.6377210613761
357.3338602166957
361.3148998515638
356.07292317060757
361.32829692703683
364.1952998552937
362.4916534228597
365.08783379693915
361.1436020648406
362.823966742998
360.1277585300044
360.04259002986396
367.7874957374997
366.99209666736596
362.8545285873644
359.6322980493471
361.95118323889875
361.5483095522131
359.4865171853884
356.4434308971286
360.49713524733085
367.93156571480364
360.59296718662284
361.86343661397785
371.3980132819074
357.6697004393353
360.70228546629403
361.73337687278223
364.14387454038086
362.3026229194729
361.0358741024049
356.2827347178542
367.7935186141746
360.6929758133728
358.9769777661177
360.23756011085953
359.2569847520115
358.49102196908734
358.01750687482485
361.02392916810516
362.16652525053445
357.71845355751935
361.0891947181576
361.5513669292659
360.7871826678682
360.62936125545235
361.1269169948652
363.78561520462324
357.5799842630651
357.38436385438143
351.3441348136207
358.4522262521456
361.535533510261
361.48738213359667
367.64549348125416
361.4526792552416
359.40187304349496
366.00809322045484
362.29466766487474
359.0927322214785
362.1893032618873
356.5584660812483
362.5184644214659
365.1157611026865
355.88254117631527
356.44848301846474
360.36515711950005
364.000790822583
359.25747653528
360.42701261060597
361.33371565558275
359.1211752485441
362.22582327302626
369.52604902810293
368.88651977640416
358.1176625705741
366.16771037937076