240.36188188794216
241.6065310045728
240.4202467894154
247.65789782787795
250.53671957160861
240.06703053378175
238.09141336130438
242.52901162361204
247.56761951746714
239.59885663317192
241.21243200468578
228.62688177688747
242.73590258761834
244.96334441486314
245.3536778924179
242.9544744513866
226.25561123982934
242.2042931267614
242.2651607131281
240.35437837707548
241.36994418577703
240.26782559738078
242.38969508884114
242.91747984461452
254.33632328886057
241.6748017719933
242.3446578285612
243.23588905669374
241.74125091958095
240.613395890056
244.65123007923626
246.75587777731562
242.6949709744767
242.44003765264466
241.9823372166547
240.7190642475263
241.66626479879494
243.6342475322799
240.03727557983228
251.75295825787586
241.14204787050517
244.3124627763203
242.7564520931785
251.06798469590234
238.7276366845405
243.9027375192961
248.84831300698787
259.817549378615
246.602177746276
242.56086993413305
242.12152987070604
241.90131278854102
241.767471984544
239.38707974903636
238.52501579390503
241.45202411636546
245.79133757662572
241.40293819882766
238.83926665382353
244.463113417896
235.4917189184563
241.8369641679215
238.67545392540757
246.45531504962526
246.38388880650436
245.78785815527084
239.3951543371971
243.06352996100733
239.57609110652692
246.47015826744857
239.79209792202042
241.42927049558537
244.517256383219
240.2455571558808
247.70119972050188
246.63239643661524
237.27560015038657
249.93864797867357
240.57321969955765
237.49209819262808
240.22477475614522
243.01394774415184
243.568825107568
240.90770987805593
231.16807497526537
242.58434034849267
240.7032116713872
227.52166274606824
241.8857424058209
237.64913223317728
235.25652067037183
239.9095796553414
237.17474672794282
243.23563617112458
242.09171106936688
243.36944772593313
239.92528456235533
246.26265274478928
243.20561897116158
240.65307360736426
246.07792179588915
244.01377990193353
240.3509270709439
241.6579071383247
245.01174895094343
241.52671685538496
235.71752964689543
242.26091169735864
238.22445896271446
240.37545558256747
243.0161272570475
242.50574478145194
232.1531835130692
241.27504914333423
240.48242629406582
234.65965997337608
245.39248350308551
248.00833637924066
239.1454892216891
246.77471930030768
243.07979369021334
241.07631441564507
245.60482361333686
241.55018918489424
239.0396498703331
240.07925765414075
242.41286294701612
239.5729341081381
242.7584632195733
243.69981840064258
245.63137068196042
247.94105875080498
244.6713896680074
240.34532184102133
246.41035462986156
241.90990564654606
242.2760943400761
244.18082675350607
253.57323944854656
238.74046530916058
242.48464148711028
245.2063049755523
250.43951817953516
239.1682490516979
235.5167900113491
244.6137990764713
242.47921907518312
244.912401291064
247.61396292633802
254.04579469819816
242.47736995115753
241.2357066132321
241.61954580264668
243.03485745704114
247.68762878980118
237.41764956500404
237.80538849790707
246.2171351741015
237.1155808729157
239.41779178256894
237.5202668740826
246.80120127974047
245.10448241966887
245.4256387143966
238.36768959071154
244.58086701295426
245.1337412747825
247.48441746613616
238.94597591374836
248.1032932801163
232.72080702934812
241.61764360809607
240.25233943131656
242.65744569740232
241.37799443204483
241.872632423399
252.7484112448593
242.99668853018525
241.0621550153365
245.6563356402429
246.9734775148657
246.30488565754482
241.79347071776237
242.76568825984398
244.62089256525067
242.95247855430017
242.62833115331307
244.73887767454806
244.25304834968244
237.43884501682567
251.0629787793197
240.0798016019751
236.91798659756006
242.68817780087824
246.7965544734914
240.6168972767176
239.07744508363209
240.80846089404528
242.23339135210557
242.18920263603363
244.97560827623943
245.929411067372
242.39254559214
241.82516036136565
236.5861079236112
243.38973261236444
244.61794753327177
240.06599923110474
240.09005462608394
239.66347346318994
242.1451655429775
242.45390415403253
234.2632023874319
241.4048477537539
244.03206722766365
241.30447471528845
242.389655527055
238.9932694955909
235.8337916405624
245.0218396145351
241.17804920456462
241.60182510980368
246.76328335416187
238.76976562583314
235.08762706371053
243.9409189958327
250.29857644508425
240.8853521122224
243.96708720022696
243.19322471552755
244.74467975027028
241.1488892764237
243.9617983571247
244.50977091690282
242.53324441880577
245.97512450402994
241.22965980266943
241.9252578922747
234.600156333892
245.515219813179
245.67783108387644
234.4932987059696
244.3387210391823
241.53953374108391
234.9222760248421
242.88428037799738
243.5149856652936
240.94553629679902
238.47464276342996
238.06984745390739
232.7892593647064
243.28937372634238
245.14522747894515
241.85485865489142
247.1950223982761
242.99272949990097
242.09023917056865
243.65118488073506
246.9727095512422
239.49872640173342
231.9088270004109
241.6936986448317
239.99448385708897
242.0025339011818
240.78020107567392
239.12054796337262
229.57830831212004
243.5600339341469
242.66300945486654
239.30307110140947
237.29167856405434
245.35094878913773
236.5001719193804
237.80073837988706
241.27698092468842
237.20166474314118
239.7210205451933
243.309346202453
245.23942034223728
244.8904517205043
244.42053692653036
242.37703953601954
243.2302253558086
242.63976518750326
238.38085888316746
242.4546368119198
244.83175976643852
243.65228510691227
242.23041787537227
245.50342496432665
251.13350750872144
242.3455018669211
244.6885125995651
240.55983253039332
245.6834343554571
247.20086797644026
245.33103144938684
244.03141388165338
250.92804542016415
243.39989031154053
237.601626710424
233.686258286415
243.69647563020078
237.67166682055085
242.77881609655168
237.81893959210163
240.34059248084304
237.97738711958198
239.51595380572795
243.53466741234234
243.44148988276189
241.6170640950605
236.39053549133166
241.63361766035268
230.39385159975453
243.23126784431696
243.85876783072422
237.65222394795842
240.88380050885002
238.03326155212375
242.00218324376124
241.6764770733839
247.73797940695465
238.4515248531654
244.49344644750207
241.21752891067663
242.58541166885632
239.1039264166973
225.6894854022987
241.34063903592332
239.03758663844872
244.64657840428845
239.1159434394963
243.54958379046303
244.8745261014452
248.238840710512
242.049649180999
247.89142439537105
241.4503674466504
237.7469658591693
238.1808670512159
242.08714339241374
240.01601792051065
244.09162103919738
243.87096112219166
244.34386061819774
240.52211445320614
241.69388111885678
235.90330796382142
241.0369745346219
242.47051271684106
243.53297707589377
242.42674608577485
243.69008093221208
247.89990952636992
237.6638183792378
243.31050053256837
240.85492862793694
245.15686532671305
240.45353326693098
246.66344022191208
244.7436671895293
241.64728837354522
244.0043482436067
241.80836562165936
240.67250645364456
240.3071279709928
236.80279206661936
242.43398125305532
239.43991768096046
239.30923726497716
232.62128353537975
240.73350436334076
246.9810617212076
242.33702814376585
242.39089020370943
247.236526713614
229.4441991046216
242.16117435838007
244.4311521082538
240.51535622034345
249.23068446863775
240.7911869606714
243.51145866221205
240.9427515039697
241.5751193223246
251.89346275355823
243.82690280509644
242.96315351923147
241.14355289955998
235.95332936052264
244.41503330564882
243.12399021837868
246.01901804274794
241.85717598536428
241.1150862004613
242.49184099868882
247.2190229932458
237.76613836388856
242.13708900471008
231.17613655592461
238.9522951617562
240.28928270982396
251.07944579317083
249.10147132388778
241.3866174052721
241.3959087417251
243.7736114438854
244.61989202530012
246.5417990761686
241.43869694771277
245.67415929855562
239.24928295981388
241.5930255695084
230.96415866504944
237.9097302802801
236.26829301714645
245.19831508269118
237.28808422356195
236.86086713842727
250.1621688191062
248.6827797106529
240.37683229237956
247.03379275097265
242.46636092939303
244.94705966778758
242.829796789763
237.511095340996
243.83902659907204
239.67114117800895
242.872898720019
242.92276532957186
242.9263418245618
242.0127747540748
244.01259964498684
254.18142094501016
240.61492496997693
247.28755726943115
241.89475873217555
236.75629233552345
245.74819358026687
243.69730952036687
243.87578749319417
242.04208623098927
241.82198531063312
239.60147973170882
243.09694869877967
242.55528239019628
240.93232403519
244.62140571331292
237.62173982305993
244.62500818075443
249.35217285760245
240.69246238333082
240.65011742681358
237.61079130080068
240.89243882783876
237.71300321511606
246.4372733895434
241.16033235887048
245.0309526553009
248.28121945291903
243.5047785692272
244.63473051234075
243.1254915892176
243.39897052898596
243.20131160170902
241.8199036430298
248.10457635018247
253.9611464068701
242.74479161345053
245.316807362361
243.7955061825855
242.3467335335742
232.92301463016207
239.1179882035981
239.0543355871124
242.3062351000305
240.47457797257138
239.28976723741062
246.61313740452164
243.11916551685303
239.14150986060574
246.69549569685452
246.59406852142217
240.51066379744998
234.92668625930042
243.81271630567502
242.58807245397378
244.08299219835482
243.04614101941058
243.32161874680085
248.14240388348765
241.57785885142627
240.04717764934932
244.2151066712485
242.61402163044275
236.0538558410958
241.8147254269949
235.2802274324907
241.8213328757581
241.77779526199075
236.31169503337037
238.8517496041058
242.15161421557713
242.74946897954658
237.39062924852212
243.38288969304958
241.21342106529517
247.21486288222837
241.1701614959433
237.926959645044
241.30013200082527
243.8898464271576
243.04714543159253
241.29708199525325
242.75225845121764
250.98724936825323
242.6220365861495
241.35188780504603
238.3391065676893
244.88317035985546
247.71235195058148
242.76016388305945
245.0405944045276
246.6861818722156
244.09153232789336
239.88408662511927
238.98718581494686
236.6488423714332
235.4651531446915
238.30064392467935
250.5944753826683
244.83080447498023
243.00313110219608
243.15417447522526
244.5660145606705
242.996353415178
243.43924737845026
243.06038403137316
241.16654687546887
249.25180773973116
240.0895621661049
236.59367417782983
235.42157880709314
242.8519843969046
242.9048673012633
246.84510168448998
234.95546523943386
231.0328100503552
241.77581380356006
249.3335768007306
244.26141897843425
241.13672436600055
239.267668653599
240.00724973335474
248.83837519061794
245.04314325511234
234.8310290803813
241.32303667457847
247.87862682757049
241.1713056882137
246.8058741678493
242.52319511500306
239.58759603418272
242.76063439973208
242.4543825184214
242.51365040544022
238.52562797521247
240.78185321172572
241.68728609062163
243.9006426739813
239.5417462053295
253.0185450309565
242.6082987619053
241.9593145750271
239.5048662343492
244.69734914517522
242.36128607252613
252.5694350696045
243.1940213875047
252.59899502910795
239.99296693449475
245.01132890627284
241.51053324580877
239.72606256026333
242.4956663944594
246.02978119106976
239.65387747344977
238.9545135644271
240.31386802314876
244.2705471953268
243.43061170409365
240.64235151395226
242.09581968418692
245.35037588385063
242.75636311033702
240.69203298906325
238.64880521520004
245.76567580837056
245.5367680466161
240.2878427257646
246.0807547901063
233.92298480691588
238.53650432667024
233.19069137538727
244.41915089815146
238.56715698580857
246.18048405789264
246.03437008435057
239.00323399892602
241.92049865888245
228.47614140243837
246.04153543629457
238.51379515828953
245.97425164258053
243.58759959492124
237.7689310813423
242.5539522391417
240.8212047150196
242.42054101729659
243.58491643642418
240.61045262317054
227.73154514999086
239.97695681631032
241.85443575158922
244.17512713477987
243.66881765542757
240.4353837419885
240.05743865021435
245.21095785945047
241.3333935744187
240.3894468981966
241.52326621006176
239.88978090491395
241.4367203232658
237.87171518434167
250.3956173300088
233.134595504917
240.8651439758526
241.2125451664511
248.1770272605835
241.07329501034923
246.8543109317811
242.1622069432871
239.11821076085602
240.51484321867432
239.48409256372494
248.19783339813375
245.34632417565197
241.78444867166297
243.83493564028333
244.23051148631066
240.6486967859724
243.14834585679026
234.6168477051505
238.45502775350099
242.54048263264968
246.03865101638448
238.17378977487206
242.65606667316445
240.37816192859407
240.15697866056885
242.63404029205583
244.914736525818
243.2972827656222
241.82911968458112
242.06900261729146
239.5993475728463
243.52140046498815
241.87496037198835
239.66931030010343
234.81777847097987
244.2001617444741
240.0257279723522
245.3369247118378
243.93682770678603
238.6915233071044
243.64691353028252
244.7392912139496
238.50212884076208
232.0223623311163
244.15347336667523
243.62996969400558
241.1116001116541
243.65263480553375
245.08860331425615
241.76237051918199
246.19898756050884
239.5235111539611
241.42765895312561
242.77582651594523
243.60987375202666
240.83607899005406
242.09606277340654
222.34298022630517
245.1996055515795
242.47139648475263
240.70260734887563
249.4544278577824
240.81276536229404
239.48635653348484
242.33133347932244
230.41902269392506
240.96840452058078
242.70570575538633
246.14864784515314
243.9276650035129
246.46550133973943
245.7889771433301
245.99037781300666
246.81582523017744
235.8466774862048
234.22658860325492
246.39382471816916
245.6874977030221
247.1339317102354
244.41339698459382
243.9409920945257
238.10230568921875
235.80801481308842
241.1232029639335
242.51716205732234
242.94568597851344
239.6513082984865
242.1963335551427
240.16477416037264
238.27306515511353
237.3977286873495
243.90658312604955
243.4727928477052
243.66874067111638
244.07100343489964
242.40163638099247
234.87099313142306
240.31007624611965
241.92641824563194
242.9351287081659
238.1328781963512
243.64569505636717
246.86667010224804
236.60667569550242
243.34504099984238
239.37746283760427
239.88197785220407
242.45811090322795
249.36366419804045
245.8106410418536
238.1151945332116
244.3783577643515
248.95205060390057
245.22722531694657
242.04819410326482
239.25782695319955
238.67578247980634
239.82553589567675
236.56255754732737
240.14407097709457
240.50402403379184
245.11066669997842
243.96359349662956
241.47309454518683
239.67292982210648
239.8940234227566
239.54247608389474
235.94117367760435
241.54177822004672
241.01783284688108
241.60952559713954
243.09861170624998
246.188899459486
238.94254213264455
246.39710126787494
236.42117441727137
233.99016004528787
239.62286505490786
257.77858133230706
244.18152918832033
234.72830259672054
237.22555727010712
246.54543661222232
244.08895941791542
238.4374676299258
240.93960151625228
245.34364747330193
238.55059886444795
240.0509053723023
241.699963539384
252.8423070216889
247.60954936245696
242.02301916242436
257.13751587837754
242.22231842629444
242.36506032871662
242.6416342522966
244.5361084284543
245.85597496928122
233.6375179533882
245.97349385939248
245.20621296249593
244.1094165334545
237.25230355608986
241.7278605030721
251.19129702615805
237.09736985461507
243.414364436472
233.9827680723434
243.90205023648517
243.332583931252
242.10526093295965
243.50932464756863
242.57808186631152
248.24703650174243
243.4595365811492
242.15180316065147
241.2740200036709
242.59611414228021
235.005412296725
244.03703015760055
235.32996783112492
245.884620818254
241.8954709061407
239.2651681162169
226.04000355440186
239.517477626463
239.78288532661338
232.51819592584494
237.9711249685099
241.8060793863216
246.74125956295617
241.2352218077581
241.36351948581444
239.7661958674686
241.58091010059124
242.67055483526647
240.37170311467153
242.50570362383104
244.47330513240357
242.14712311216778
247.55813968932847
241.1110007122576
236.81682967121557
237.89973857913108
248.251361546885
250.28071010193491
242.74548832628412
241.99696831905678
242.38990049535886
242.34555091150685
242.80152111256555
243.36316643350665
237.9988841863529
234.68948449233034
242.68762572289944
239.59101240986615
231.9891951288908
240.49219588126502
239.00401228877752
238.119586364178
243.21913642007328
242.96608604054174
237.60158297047212
245.26521883283303
240.63496950403817
244.02574023015305
237.3508562615143
240.69079678483973
241.20593010656756
240.79490688155022
241.46019922616344
242.87298469001743
240.46999391954972
237.78870580450416
239.85147853779836
242.1528439454293
243.2367945634806
239.17622949928287
238.7598456064743
239.89431542636598
243.27174946342694
241.6779252389109
239.6627558122539
241.4511998825758
241.36111393492942
238.13859852680247
242.8273185636481
239.40824290595543
241.9951411772106
238.51732794379583
234.8009268460497
242.9779399241338
240.30070352338163
248.19734180817488
238.2236326236674
243.27328118808967
237.47394056898347
241.6196317172689
231.3647419130735
240.09201125299134
239.4413712633151
231.8403969667996
240.27595154160753
236.50235971397183
228.1075700699283
238.42418688952554
244.16003902941577
243.40729607012514
244.15239603483124
241.08951174106457
238.60259657047786
244.67066114048737
238.7952988898864
242.51196258198763
239.78675631219826
248.2168834726955
241.88103711483387
245.37200835681395
238.26820080965135
236.75804667913633
241.29154648052977
245.91645902691312
247.89288482894239
236.6945585836839
239.6210164683298
243.66043486500718
241.75536433114215
254.7677852828897
243.73172233265595
248.79751250274134
246.35882567783167
242.23546987429543
239.72609702763393
252.23365011351444
242.98162441325604
256.8931590024051
244.59967590110213
236.55352974344802
244.7637237516797
244.17498395378183
239.0707808770369
241.36391422951635
244.62473728175544
241.225528684593
241.11061364540845
239.72409935699469
246.35010044213024
238.5445404915316
243.44414748241263
242.0813248539885
242.3925639959215
239.56678160095464
236.52658013986965
243.50218820081483
241.65542405544875
241.25974750175828
244.33475801030073
237.73579785911892
254.1931661217545
239.7600733529
240.54931499961228
243.4131205183942
240.98382259150566
245.97299756450462
240.29112628624264
243.20185887005317
241.04591396034107
240.42802250219336
243.77793767078973
242.06999339930903
236.34167759680406
246.72195935508165
244.85623574493283
248.41848272397854
241.28247526919563
240.66219024236148
241.88866477443395
240.56513478029157
246.95230071044617
243.10398536011618
246.3197138714906
240.33011945038942
242.28821672484239
234.74330820430393
239.58540674501327
243.52343557315837
262.5611670422557
242.2540937278042
243.05895737212776
249.90307326418417
242.45003685533163
241.85279361545034
239.86186219404073
243.3353916020028
244.76198961774938
243.252622017986
242.8467566153565
245.62976737582585
243.00672488938375
239.70228713694476
242.2239953967689
242.5963570635464
246.37028523437704
241.23391666764093
243.24443739179577
248.1548645391815
243.21250452750326
233.63781619166033
244.03697295519578
241.2295179732538
240.20633702181135
241.4933517323836
241.885221075685
243.71987910736362
233.56625493848227
243.33653085392598
242.49841679668316
236.48575140838844
236.86909182582372
244.15549446908
244.0020141965832
241.1632079445453
235.61751094297608
241.47747606664376
240.8964904542176
233.2589404708341
241.89286687293026
243.1630527559537
240.43179253948298
242.9775846994311
245.42803835621567
239.58597051382944
238.79358959570976
244.55373206363112
243.59929704492436
241.26661294242456
240.4629748281773
235.94712559437747
235.86795081456947
244.74555792368847
235.1117812909921
239.40004470568874
241.93102175877507
246.2503065755753
243.33342381291826
241.8910752785744
242.9285435030103
239.28791521807105
237.62469250462334
241.82154668347167
247.97695305680833
240.62016563424518
241.99731941691667
237.58248924147657
245.49092026703474
240.97986733768983
238.14243267203716
244.08611416071184
238.6574087221449
242.7338566384375
226.8437030703669
232.79863870561476
242.3516330495324
243.91321877683254
241.6078917549765
242.47619548756734
242.5475816173837
239.0187677854705
245.95797967375296
244.08363002924077
242.07990124014646
242.27186253790086
248.39349633842156
245.3804664589431
247.98467781986096
241.2748874784249
239.1614697185139
237.89732964056526
240.98801587103193
241.14113280909345
239.96512147031177
240.58565416333755
234.53320625099224
241.8640511474936
240.7725520062727
242.42925784987577
236.2597550335313
240.63276472919011
241.78330924605393
243.86099040154537
240.33279376021838
241.08820033679228
235.67645292544924
243.16586011334067
243.97498853978095
239.77257574080673
242.59593065804003
242.93682515391268
244.53407936328077
243.6337568416568
242.01841723630218
241.6657470043803
242.8084042223315
241.7118681884177
239.5522361224829
244.85567585729802
239.50088367880159
233.64891756155401
255.48383757518425
244.96649035155605
244.97367214920206
247.6160736459888
237.19610356288425
240.18700387552417
241.30116109786056
242.83591521496427
235.57039442078025
244.68888706602212
243.99541003741854
245.43163264047675
242.1573485461014
240.58122753533704
239.24673615411194
243.4442433523258
242.60812036579472
240.2138792397154
242.1482687394244
235.72369773127195
242.4701756870289
239.92926932891567
242.389382200082
250.18472662195933
235.09300638572435
241.88701378128954
246.52608378489728
242.98010869666655
248.7338857524497
245.6041469511299
243.11321503130105
240.99935462144282
237.6273952499673
237.58939857529728
231.82572442732427
247.59805426464965
242.86276846660493
238.898087652187
249.37769387158033
244.58825715046953
240.24128612889172
238.9843932492281
241.60851513879877
241.7212366927822
240.5512734943294
239.77990103158177
243.70093523658028
239.6598395498822
246.16340425541625
245.97865529200124
249.5167793018312
242.91786608595234
243.39539786307958
242.6476529103408
242.2770231710567
244.45811265439892
249.16380914334457
254.17219572213355
244.89670934323948
249.0898207882424
241.1120054676696
241.93241575220912
238.13492182743363
242.47474035467215
244.34056687331332
244.56253231228462
244.52305580353666
243.73912739376706
242.87868566962308
244.73634444881665
241.7589887891553
245.0664715103329
237.5023488351109
238.1273078651965
242.41993774084497
241.04273838759633
239.73517476317477
239.03397101812507
243.78299177335592
245.70767886117565
251.37454855263496
233.80290017133652
248.08003129298837
238.14886216481668
244.02655946263042
234.48874686078324
241.97629967674922
244.00736226340553
249.41988470855557
236.77813129784585
233.85427985088998
241.21754866083435
239.2221743365128
234.775384667848
243.3070906015838
240.74397659478836
241.6745421431818
245.25221025259768
241.20429431567374
239.4008320027809
246.51691018277774
247.41340325317753
242.7073798801356
247.36993083960616
228.20736409688357
241.96365723481554
240.7607146898983
247.80867186075477
239.66131231928733
239.2215224877023
244.1225541216957
243.32119953558086
236.586587912538
241.42721159589468
239.32265736817266
240.74027635468445
241.3150572491043
244.59495360802532
243.22186087841595
232.83764681060873
244.08809457064322
242.87788702809212
241.02612505506917
233.08152976594928
240.95455430720642
242.27494867671675
237.32051258406565
244.70051739584153
240.93062155004787
240.68001393250677
243.96620341021375
245.14128049830245
241.39588345234853
239.55421904543897
241.45840134859546
241.52239076708722
246.879564639946
254.1165761027033
241.6314887514075
244.01670215259742
243.16315950705888
241.95602518254634
241.4938961795446
241.32798747792705
248.84437331372746
237.59528397267252
238.39912388330896
241.03418570112495
238.46725016349768
242.77967449582948
232.42397096364493
242.86297359427425
242.13069509187994
243.7396780164802
239.33197637106858
246.77350884557052
242.30078312635158
228.95709155803127
245.6503727059128
243.23831660167687
247.74211212929126
240.82510386756644
238.0492767179615
243.13368437932044
240.20680981598352
246.70087623927327
234.4491944051112
235.80029559936636
246.62235736588823
232.73991814434342
238.32477978729068
237.36206250064103
237.5699352238306
239.4683764655242
243.10420648013323
240.8464890295354
240.72136353735277
238.25891038517776
249.41599783937647
243.2574395300827
239.39433420068818
240.55432304844555
233.96596204457356
252.34698606939327
244.46034148520377
239.04078844908696
254.07349224122015
255.31862756773856
248.12778941887024
241.47171007125613
239.35321154008307
251.76029839558743
242.713074665975
243.59567186997754
233.23410046751337
238.69353055741217
241.4188028993008
241.60437807715877
244.17478613402326
247.54667562126735
232.43495381510388
242.24046100724274
241.51627864696744
237.79448028767752
241.59191464341708
247.07790061607128
241.51300223109902
242.29649353789668
244.96890829761574
250.33151342671184
247.3896204211234
240.79723292978173
239.84155236412673
236.18038755715534
243.7315929843267
244.242401696671
251.4927806492858
244.292809332036
240.68665955101582
243.5049421913423
245.79021700028648
243.87337664667393
241.30741452335982
243.19247718887436
244.18023911556634
242.85563271681175
238.61260720015443
244.31815506241668
241.04220799235782
247.12794465447865
241.84211524925556
233.7059966892725
243.64754978570215
241.89480145812522
247.32868384212566
239.3490472461197
240.96952395982822
223.54967940543654
240.81352377698673
230.88916599999482
240.34344242986404
240.719891251657
241.82118634514606
240.90492742236373
243.3548560358497
245.33067706215144
238.48527716543128
242.87843708876167
241.35491961310865
242.31112947030013
239.33739679070018
238.4210544397707
241.94369691903356
244.00378583612874
243.4783153988555
236.93822798569045
244.20716725191505
234.25652916343654
238.90202960620235
243.22353324332175
235.49149142996154
244.97613029659445
241.8848317131095
241.89890415986287
243.91539980091915
239.698731120217
243.4898472417269
238.91521899252857
244.64182374173248
244.55939833714154
234.57300263040278
242.45598240745653
238.20126238327924
242.79038551065364
241.58997375706355
240.32147113824558
239.28828101384343
246.04850426792163
240.8195541951458
242.9545293088803
241.46481519621952
241.6079629657041
235.17584086638828
241.3082195438411
242.08616690827444
241.49802487211682
240.20734666790796
246.1095625109738
242.49376726757393
243.92512619556607
246.72844555668792
237.9092799129598
240.98116342593772
246.65145213736864
241.34786852275744
241.802107884807
242.24600712292627
241.74238769995546
244.40359000086997
243.6178530815346
241.57045628545066
241.45014827891757
249.0132986059333
242.40946928429813
237.14401087142502
242.5147485566625
239.25129728212522
250.19981869947094
240.04158598932113
233.01219363055247
245.00632086289
246.34055063920846
242.36554065164967
242.4601858041185
234.91487663216384
248.16699307787036
240.77941244220622
242.95036755683137
236.79629153268053
241.89898572823188
248.17452985303092
241.6305299401263
243.8218187915771
244.14519748426594
240.05628112991363
242.36399401782847
240.75227657742448
242.7210606500746
240.74269018856307
238.75897583652744
244.54950510917337
241.95716974799484
244.4191499406903
232.9532059709075
244.94143444790234
243.30697046841254
240.21364317497742
241.14480560639765
244.0162711863667
242.57317362849608
247.539179590041
243.32342714825876
245.29702258713849
240.94520045513036
237.490469701567
241.67126795939637
240.72827308843358
239.66161402576165
236.63646070144708
242.02805265903555
242.62930516814126
237.9570997706581
238.161422282093
242.6177471451309
244.35569226292188
240.2601710606994
247.11296783048292
243.26045332314578
251.36986713187343
252.3942887990701
241.35336133187099
241.60992647801572
239.10758557453417
239.8496514030051
237.1685385267393
244.2641465557503
240.31988286415026
242.07337431084764
242.37964821065927
245.82492979443305
242.09916725159192
237.1280560068918
237.8426936891731
241.46372210436274
240.45337161470476
243.71126529495206
242.57448849653503
242.14250466309235
245.45795896123514
235.9095367242903
239.28431118519575
242.81764376125636
242.2517461481663
242.0691700556004
241.2576207868315
241.6405931747566
243.1587506211754
240.28130340701358
243.92120695731194
239.61996350434936
247.26820640168773
245.9894519198947
241.79231554237364
241.0297167900753
242.03637122702443
234.4928192433234
242.9031310184852
238.76414665803105
237.1394768300239
240.96522428319602
237.86566310022252
243.73983117464786
240.66199015846803
239.50549620897033
242.4144127286113
239.36646110016204
250.0166221131925
241.58789270550864
244.78295574083793
241.3512409002926
241.2272307368871
233.79519119813654
241.10962253163325
234.54470147925932
239.48130333544685
242.7532516812852
242.59161027892358
242.49527955509524
242.83231056573618
233.7846338881304
243.04904248426655
238.89749062232997
241.68384662195874
243.0181356097384
242.90189248638288
237.87437372858128
242.48502148514442
236.47659525717143
246.96244435768205
246.70411337088535
241.8969211012628
242.56277952150592
243.61751255370052
240.72789627918914
242.97930498255772
247.97517476575624
242.74287951934255
249.78574849726215
240.75153464152942
239.56478506692494
241.14172037876398
241.9079444786654
238.05367579145226
242.96196560715728
239.9883752259269
240.75528668038106
245.14894462631688
243.60403487960411
242.346661608766
245.29990079233076
242.43193601672638
240.46764207979479
242.43606806294545
239.7162539079053
247.12531719413738
237.79345897326115
240.89037549544153
250.81825704296398
241.11096777069204
239.6090795930594
237.68725790328284
242.9730116176888
234.77544322248738
245.44729235408457
241.3875512591955
229.4092939925886
254.0389036095205
230.80000015618134
241.99664531792405
242.478076812613
245.94668187656205
234.7315713884575
240.6099180541295
245.7886475117749
245.9442569375298
238.82781271930546
240.8119470406473
240.1825842230581
242.03209595642159
233.06522180386972
242.5387313923174
235.39708055335086
247.3362467875602
246.24367346939405
243.60145344506716
239.5246365892777
243.96579127049455
241.0056740897934
242.34834704990882
243.45911669141663
241.37136991209218
241.24247826198416
243.56693586595935
252.4727324914609
245.54080630187812
241.5578734163436
246.23832132558871
247.52008703719346
241.2807719246579
241.1546364659516
232.9167209117415
238.38754219921634
242.90203801724573