173.67450267996884
169.82482904804252
171.36996162307574
178.4571508620169
174.347993844555
176.50204488332807
167.42273938471155
172.8330090571704
178.2621279226887
171.61505580467593
184.99112110191135
175.06606125028313
178.6915120542628
173.79268651355147
174.40448083780123
178.91555420282614
176.82440244348302
171.17781662134848
169.6645808485996
174.85248244293996
178.2463433842232
180.95632550168895
176.49089759158937
176.39653057199632
171.6585976428571
177.6755981544042
169.99469183315864
169.82715988347448
176.59307895704825
178.58510041708823
170.58988442305605
169.26776693817402
169.7494335920883
178.5490333207342
175.01250890273565
172.92609953714202
175.82238072210347
174.4633905239217
164.36551317191626
180.13224659987984
176.96759114295483
175.87596568739232
174.9144788509758
173.3987621176081
176.2071543783114
159.0526957602669
174.55709994743845
173.52081334578108
170.44443292285254
172.42359504009193
177.07663748449627
176.06840527595327
173.93158282930293
176.7273420987205
174.65746972605126
174.60159942642133
176.2194296544162
177.33076258755563
166.34097993295399
175.2821885746392
186.485027915035
175.01573411683913
176.3930054215353
174.78998126681472
175.05552009762133
172.08263180028553
175.34975996907775
172.03745380250345
172.21833000128126
172.13173690979164
172.426422140168
175.5964187879703
168.38644591016993
174.2272191658751
174.33601744683563
173.7533553866457
180.0444374787731
179.91131734955172
178.27334530894362
170.12335719855503
177.07944953392263
174.92419569246098
176.73511355029214
175.4733133636417
174.72696856755934
172.78134447499798
175.22983030305414
181.56858088931563
169.39163902718983
174.3811092671501
175.81998627015355
173.25726699927947
174.78761747373295
185.8264068873974
173.97362170624993
178.42406177845473
167.87449211418837
177.46232539537445
173.67185860477605
175.2537746364477
175.39734019682547
173.26659727740767
171.91037665849828
172.93307721265225
184.06567800577724
178.24974605950518
182.72503161056025
179.0388984777389
157.17360703687447
166.38071276962975
175.2273237243652
176.26140559977338
176.6253793977209
180.90051842712597
167.8773861586689
170.9565350514684
179.80236229962443
173.99094194895522
174.08636595303543
173.90211634332528
168.06579106334763
173.119623222364
179.39105119247864
174.279826196758
177.92371625971057
173.78166897635685
174.85547496894105
184.87817217967617
170.0177338794861
174.92480584054542
182.17581922158936
169.35402358342492
176.4657577347574
180.60612985166364
176.97123783076427
175.84312701732216
165.68527209742012
175.20817352879848
175.15636300667762
167.20470740424807
172.7412600926221
184.72780991728183
175.77805128921716
175.77109466257582
178.3883046370361
173.76777042588205
170.03153609131493
170.1369089775485
174.810581960282
171.61493867451586
185.5729431754575
180.42265016453598
175.29382786949301
174.226377735604
170.66461486403244
168.49258487254582
180.83124209879128
172.88087259342495
169.2138862002801
157.37509160431927
174.5563476313945
172.00102711260664
172.13202389848684
174.71612755901097
175.84894635757158
176.32820693401018
175.24020892999997
173.4595282792087
172.29521149035585
177.09816262493908
173.15727699723502
169.90461032813928
172.88527099369495
179.34902442381951
173.8624360955306
174.561188674457
179.28339031612884
173.2793493500626
174.46764742600575
177.77231453720913
169.83413681706372
172.45290464924472
177.49091407985492
174.6938092079943
173.94757448128053
171.97674542361975
169.20779307166342
174.10254597543187
179.23690715026217
174.25273503398162
174.03112642634693
179.94654186825156
175.06954045329607
170.4115411913666
176.08330560066412
180.0973417954388
174.62351783043678
174.87389704687814
175.10180762557408
171.11993025516327
173.41002720554326
177.53310953477325
176.477091557515
170.07095739059486
184.69225577229605
176.57504277445625
170.118975889381
180.70633450029496
174.35180567688428
170.6180174114215
172.17037519817228
170.9070795991593
183.67490471420984
175.65933991136126
175.7192889240775
182.43022076908886
171.32633164843753
176.97912296602382
179.4727570344252
173.03035453700915
175.36472418517354
176.59799101482784
177.26809760639514
166.11464662831327
176.26992549185076
176.84388879674745
174.15379511623075
172.2920248982392
179.3518084810775
183.09090698447423
171.3923677035046
176.0251018807201
175.2909869511629
175.69242391629058
176.50499548830646
179.31877002797742
173.94782233389626
178.62664564644126
173.9560821983467
175.89278478875826
172.32187961552097
176.6922674608762
173.3144479047728
182.21040031203904
176.56333505383878
173.7984843396513
172.88049792013103
172.3914759676038
173.90131615794533
177.17378383445728
174.60936731561733
174.85507229746918
177.0417883178022
176.07441803277595
175.80881616056715
166.43706758115056
167.60794640777294
180.02570807966543
176.02069849988322
166.02926026913084
177.67398798294775
177.3479052123751
176.72128335444216
174.72375953432774
188.07867168771597
176.00156449517556
171.16180945820082
180.0071918215001
175.31397822441247
176.89250295050036
176.4120198546251
173.39606743573756
175.1301848792508
174.1697355831286
163.74074125701353
166.91213127041328
185.80936897331077
180.03107938592584
175.35240543514416
172.39932603499506
171.6789710704783
171.35125942231375
176.1799985247022
175.89709004408323
171.57201087409976
176.59694874716118
174.358648820118
173.72810797605854
172.37187484484565
175.8958599485978
184.4800689662009
169.58808555990407
168.09982706560228
180.0518637754425
175.8834775316223
170.9177410360616
172.81409850796558
172.69339019548292
169.41704565616942
174.5570254533258
173.01404430864935
174.9231401266171
163.99702548854742
174.080647551819
181.03945862524318
180.46170698294537
177.2999331185555
178.45171235499546
177.37090107677244
175.4110199083745
168.7705604686949
168.3689128961319
174.41616488942077
183.15885873429298
185.2989941250702
175.21948035602242
178.2605863815275
179.51276016847183
174.25305606661442
171.9223096813942
175.64893931750558
175.12871315124238
177.39830384850274
178.1454469470249
177.29398925885644
168.96075639590362
172.13169574880158
183.29221500997517
179.78615738585108
179.56060108110705
170.89004571252477
172.139325004271
168.1889221292579
173.24495202660546
175.9666230777899
172.54340570248198
177.2799100653337
178.8215983742731
171.76109197177516
172.85795920424738
171.73106427230258
178.88411640460492
175.5643592385107
172.7157449066202
173.2778144462816
174.46050222177158
178.4920543626806
175.14174189471873
177.83144394808426
172.69100605395641
170.92633300258564
173.33691239972708
174.52067116654206
164.77784144005602
180.6899053201569
170.28365010635665
175.03800394073534
173.50647054292742
170.2879893040922
172.58853692622472
182.56294797799913
176.98966954612916
175.11741203403358
168.8201492197465
174.70801262460387
175.3031389436669
171.1710027945989
178.85071602589997
167.1405730318322
173.3229203796715
178.76432222695914
176.14569438282726
177.115738528881
167.8977681381442
180.95183110885537
171.90346899581922
172.5769867634133
181.30179048244162
174.3779160696804
181.02763060523762
173.03507080592055
171.39562590292098
181.35666052846815
175.18270432791132
181.7480779494387
173.49124014522496
185.7029040521879
173.7979055940785
171.83608982158253
179.2916727632668
176.12336088672492
177.49848473818483
174.78910797263234
169.14198175926757
176.16469838403606
180.672338549125
179.5223527634678
173.9030295800841
173.12088267679667
178.02477955454543
173.2736203631167
181.87707580714883
173.5024303456357
174.71561947428717
179.11929002715038
173.96196589044638
172.6279320950841
174.2813607663305
174.91506948714843
176.80668152564812
178.93542039229249
171.43318246029247
172.10663329930313
176.53913933252144
184.2167328184096
179.53612549074396
175.4623831306605
172.02735753629767
175.9281444530914
169.6984311441683
170.7314464864104
173.726531249312
174.42906838640286
175.0545315859442
173.3849028263335
177.56760048107844
176.12997102703665
173.8520199906843
174.46621475455183
170.12900280418273
175.94981321023639
175.4456008368258
177.3225754057252
175.36754323125416
175.23608018746498
172.30967474388007
176.49379362933843
173.8363875981044
167.48279261612242
175.7046919130121
176.5955437927414
175.38284164502323
170.68318889910805
176.63816804310778
172.67228474711652
175.02619795411437
170.5931855948233
173.3463322651059
174.92707369312052
174.5599632414902
174.91303644087787
173.97172638382662
174.37427266994314
173.8014841438535
184.39633742988613
171.1744738494706
161.28876408168202
174.66649471764381
171.66393013254782
178.3395818141943
175.62959117125283
173.38699542696602
169.12365966122232
174.65969055991525
179.72594896964802
175.09387139468086
177.21503747247098
172.4898322968719
175.98389762935778
179.55726188800514
160.90185684860168
177.0956555552123
171.53103836777268
172.8093086111832
180.66435198176384
175.8001882014685
176.8198302908425
177.0217524493965
176.2550617596215
180.41178524708454
172.5986250015788
177.78303788481443
175.179937310121
175.4924079811776
176.0134954030252
175.37939560155542
178.08732556193664
176.32893381527944
177.62949140314916
168.27189346367967
178.44825651454127
171.6089810301525
172.52607501203448
175.32987531454367
176.94848142736492
172.052169636993
175.49922871457542
174.11666890172276
176.42042144841977
174.74652279900113
175.32108119514666
174.49830164125
175.1727489165268
177.16067033500798
184.472039410689
177.5109850736773
176.92352610888
171.324606831034
177.88040235720464
176.7997365205315
181.62348423063648
177.19617614741904
175.6763237225954
169.85498979847935
171.64559361462227
176.42317961497625
177.78575863892752
173.21784527074635
175.60388245606669
176.23302952047712
175.5958116689143
179.09826631949744
176.90456644135475
173.8293156810394
174.12446464320493
173.2210803031415
177.58995870337216
175.78960090887932
166.9840934113608
176.0541483229676
179.50997602820138
174.87264376432924
171.8771857248289
175.43428860610072
170.43051802201518
171.53523510389059
173.19209846199996
176.49280164099332
173.8633164282894
173.85235260124082
174.20136647718826
176.91459918193732
178.88231365077104
176.82383833106766
173.134601153458
171.32291800337657
169.14123126485688
179.31369716101318
179.77742943908373
171.76640684162433
170.67018221420858
181.70329662155515
178.81225857599986
172.77095820099836
174.29087534113697
178.29808756883014
181.93589550430463
176.48845472412248
172.26788159298482
189.38213133028475
174.73741480570249
172.72915915383922
176.5330955319939
175.94751146543513
173.27827347332737
173.69827947185777
173.42995095526965
180.95867746940294
176.37221668784846
174.83153291500815
182.8563859841323
173.37475735503338
174.69111595429501
181.64747108610254
182.00419353775376
174.80171495630734
177.24214775583576
174.36616732959874
172.0377983903087
174.6193723126024
189.11924135265497
175.57667336201564
174.20095459863506
169.3834360474643
169.30430195041964
175.36752479066934
179.30715125952392
176.06085387354966
171.0425792130277
175.66540138393847
180.52786069006078
165.56472900862175
170.60442154447927
175.2616828036413
175.93130666768155
177.13648578433651
172.07030335939285
181.5174359683332
179.4604243411397
170.1020889734727
176.12371180431973
174.81622023193083
171.61103428109826
171.3527578463544
175.0182348842073
176.62564474858493
175.40735612907173
183.56327790047706
173.5278083652595
175.22318827618184
176.9803660357152
175.95589923907372
175.7434731908141
186.15008095980184
175.51136875068573
167.8991125203293
178.84137542396854
173.8738276204343
177.57292061574833
172.60869084914842
181.9296307953291
175.2795780126405
180.24371893836826
172.95442473321947
178.57811244216947
176.22937727828725
182.70439161849345
169.3775386567304
172.37496522129265
173.58132368622486
170.47154474512485
173.56541412129272
182.57754212876276
174.44722705778048
173.39061763937872
172.3896669244015
173.7457191481499
171.4902616604222
173.449164965106
166.76422665944477
183.27472759424353
179.6311518404942
174.7640278489727
174.431210989921
176.1143562260966
178.2415783322343
168.80655782208456
169.38996559639563
187.14718831535754
172.71934508859155
177.4524225236035
173.9076269095366
177.61574801564333
178.63373383548156
170.32017078427094
170.84247655708242
172.04120428403198
169.8370112376005
176.28732256139077
176.04054291298118
172.1857093348492
175.40310676322238
166.3445949434996
175.1911994255781
175.10697500778525
173.34265295239393
169.68556129647826
185.69453825920715
173.93313734085964
164.78844665832602
176.6782237879923
177.73748198238135
174.28701813753153
175.613616374048
175.03268210377337
173.34819923752642
176.35714209416574
178.25581749973017
174.53498158223726
177.66977449906392
175.79266374419606
170.88010533350905
177.62680364815333
176.62041942641594
180.8873268857109
178.09728918499775
168.52384326395804
172.05919658395302
184.80029682346157
171.33105993537654
176.02451842805107
174.66076708803385
176.98587016867222
173.7767458083854
176.0256233876799
175.44575270474402
174.1972975477338
175.3291726321798
178.15631571897129
174.69262525961867
173.41464281636613
167.25172043233397
175.98259666043305
174.8588321690372
172.56892571531102
173.71574978744152
177.7376103437193
179.6399451065925
178.73451224069277
174.33418900679564
176.0059850677249
181.65248582674565
174.19532765560544
179.1698057183795
176.17713539780365
167.12330393991294
173.5121854670369
172.61569475996177
173.0496378737225
174.75200925796324
177.96328630949995
170.43583143285235
176.286861999204
173.84805303017777
178.19934029256694
175.37512474620232
185.58407445928805
167.2324461730963
172.26733630168803
184.52609008384948
177.50313831761687
174.488072524319
173.1526286094596
182.672647536442
182.33028129541833
170.9949706476167
172.093702136665
174.75470051632485
179.80588851239582
176.88963340173197
174.49390264356566
180.511924678126
180.5572758922428
179.19231644037652
182.30879319521486
177.87473993590382
174.9156349207524
181.931359179349
168.89528114394366
173.61476488680523
179.61375146995707
172.84867036401857
173.41314633663526
176.79741799762456
172.74663213097
170.794203361369
169.385578798908
178.8337423958058
174.33722134068097
172.45702777531562
177.55375879993002
169.2600965010326
174.04440909612896
171.01363925318182
181.56833782403723
177.04200927731853
175.77270791441168
172.54320524782432
175.22727998658428
177.94376835882224
175.27451765469536
173.50202064755086
167.21157762227605
178.43646928360437
172.6086673924387
171.89715160034885
173.57362929874049
175.39747813058196
176.94564352240064
175.4999591121776
175.64435496782224
174.16245703207167
178.82686679799133
173.43328849593678
171.88447859773055
178.80131637897972
175.22214728357693
175.67374323371845
179.33065614008663
175.3921040042072
173.14631118910253
177.64214189902796
173.69543173692676
180.0958267421488
170.786310639084
176.62321513703844
170.0979058593581
173.9016397952215
176.1896960880398
176.36059283758377
179.05111406830477
178.0158227070019
177.3302502403037
175.35281657981437
171.39003293392472
180.40541253091303
176.09597887914632
174.449176273804
176.7818858557467
174.24829830372943
187.41424658623777
174.37682107034414
169.3196222989844
179.96678822967257
175.8850100353372
172.26987924664243
176.6876727796283
178.16012317804615
171.4067817642876
178.1980582765051
181.97892798562623
174.7024439623303
175.1137560604518
176.6420589988395
179.76086160745066
179.03712903203402
179.95591511391643
177.70414076727081
176.87014173094
176.88412903248278
184.8119903213719
175.20037463623308
176.3025748987478
175.17852752889988
174.61095405499785
173.54042555588632
169.28858630904608
176.0368274672418
171.20479531011534
174.35098544206886
168.5554410228865
175.3253308506418
172.0184787816093
171.79385150419677
179.95218159860792
175.32949877343813
176.87712366943143
175.92680940939488
166.6319892027911
178.51586973400765
171.66976836606437
175.27583403751862
182.0242264084723
179.94135619920414
171.15388918203243
175.3671213383036
179.78153292131356
172.25416633867792
184.37380322787396
173.25448230986132
174.4295339042215
171.95116412710306
174.91987367633152
175.13525995968462
174.17296030803195
172.4398917919146
176.08756543317622
178.05546666818293
192.31301939812988
173.508223045116
175.0406556344765
175.13522604602827
176.90431519132045
176.26618930654737
171.96067280997343
173.83962241267005
170.0358177314951
183.64168270035591
172.22838079396166
173.65276996283862
172.0819677039074
176.79351757610544
165.3563076634179
175.91426564221516
173.16882369931923
172.03730693324064
177.93493608355243
173.8052023053276
172.94398181505375
175.20726107527508
171.55032244625875
176.84407227872387
174.81101176180465
177.67324285176704
177.6948548333761
174.24951313101758
175.87766579671222
174.9530732269175
172.2287241638199
173.94985437111407
174.87119693651817
175.51373116371053
173.47582450148138
180.3230858832822
181.3289089771985
177.53218384574004
174.1792732986763
178.91952586480144
176.65019736876766
164.58980710758752
180.10680773430062
173.27198605633487
170.82447474838858
174.3038891461935
174.2961752855014
175.3603273324882
176.29508086922974
174.35914173714247
176.9321884061272
172.22193566791174
176.2184971280696
180.84081679379878
175.2090482970222
180.75066445586816
175.08608167854123
170.23486443580526
175.56768312344892
170.7532625290665
174.52344260626498
172.64890647353403
168.77840845309265
172.27413307218652
173.82415304602972
173.13397028560536
167.9258364158671
164.5810642910474
177.32318973365054
172.82878526963756
178.01849965884966
172.25778966075825
170.29220007620413
192.2281349686216
173.71859554244622
175.73259935555166
172.75760699603345
173.54164607114248
177.30505830291582
178.72975943176536
174.23571993382262
173.7481695047553
168.40180157775396
177.79357322742305
175.4447345625777
166.6521349123436
173.58089066729713
173.51158028842025
170.95083455318365
172.44736343158547
175.21628875571008
174.64566827523782
175.27680154912798
171.4551959989974
170.5606280039315
173.04293962331712
181.91264245422536
181.24420022840434
182.70491192535187
172.21693368545257
175.8468732385964
172.8411765607157
169.52601317684713
173.73530799309952
182.97152214929196
177.6142883745636
172.40638087677857
152.8968459710652
176.6022917526138
174.80086783380813
170.0111696592096
174.06382989652874
169.83958830189326
175.68678995698113
173.75075330584505
170.20742753836961
175.35742623512832
173.31726580905394
179.33034147754566
174.21378370879168
177.17426969122758
176.9538813123012
174.5176038404344
177.79605443507367
174.41836406113194
181.48100719429226
175.4221892576591
170.52767856240538
176.49675417199276
166.82437770155266
176.36849012940462
180.1553383118076
175.09818793233842
178.45624839708782
175.21152734867525
173.51672463141523
186.20184121707769
172.6246242627294
173.35222001564048
173.1032419295741
174.92021623105933
173.77382164203246
164.29821008975074
174.4052677025919
178.04841912203725
174.34496061439143
167.9141997501046
177.40343931732792
176.95865916106817
178.64858895824045
175.00279624426713
186.6703413371419
174.22507841972566
180.74574409748067
175.4277298168704
176.24862211856845
172.22934787188197
176.51280222772166
175.4041514101904
181.47788693905966
170.42040701843234
179.3268746103872
174.8174506620981
174.16274037027182
172.32106085740065
173.6533571742819
179.23699002490528
175.60999589734882
176.18877020218733
178.07400424318868
177.98007005273493
176.4047391756107
172.15423468794188
173.68367929692573
174.72838813127345
179.48542303079032
177.84165635121474
171.25625533327582
170.04875320393538
175.14946273650685
173.32135835112678
174.49523327369798
167.3321226703484
175.24415635329697
171.49059290045716
179.58641124033372
174.09415950781366
175.55350328717802
174.50105097810302
176.20975802010514
174.03829140750582
174.2335742833687
181.25279565001253
180.10953983465473
174.6434114676718
174.0889214653718
172.27705009317182
178.45420491232855
176.71243624144202
177.5317336806931
176.10513666815822
173.49626001974195
177.12852726190067
176.90427708275837
177.64747575741788
174.31308723555784
173.80977615490227
176.7037647898799
175.78184722531745
177.28600998062566
165.89206275612233
179.39052328387572
174.26151967445745
173.16107975992136
173.3253770311492
176.1754840424018
171.39105017170343
181.13554073997258
172.94712819908565
174.6015909469813
172.4132166725729
167.97737773442282
174.5168475867997
170.03217918833712
177.51696680353766
173.68937347055436
172.1271833568026
175.97171812102061
173.92037338709702
181.7421406546026
172.30389800396628
175.97244208486538
171.76246918576112
176.08594961671625
175.84225373437238
177.45120498906454
177.96640798796778
174.5164883156031
176.75684009966045
171.29046255215343
177.3009393188206
177.37932565841444
176.56129562469107
166.73377660155467
176.1729900064618
178.3923668648276
179.61443653174368
175.59403416686075
174.24114963896247
178.39360313997727
186.64539693254142
173.7605385634291
177.477182052522
174.8946810708355
172.99049426813343
170.63106767435875
175.69880625160303
171.74917203451636
174.1389922935416
165.81433123776296
174.50000659021939
174.32866276193002
170.33439228403793
181.31970539984144
175.88269914462995
173.5098839033628
178.1019054389315
177.48963473267656
178.7659369361328
170.30244404189492
171.3754537312318
172.5164536232389
174.27668782468868
171.5855690850009
174.3679488525984
181.10302356735278
174.23586693164026
173.9540713133066
179.253927506605
167.3265305360401
175.36263385903604
170.2236900138339
172.359051429948
174.2720281997338
175.51762561284525
175.30308845896027
174.47965372121337
169.01282104883867
173.98758758180173
176.06610699832504
175.4210198557196
170.25378127952754
176.29381614429477
181.95313118315502
175.5601274972704
173.75584980929986
178.73474922746993
170.8981867986054
184.21587932096375
177.02895370274422
180.62470110574088
172.06765424019997
176.51850035487672
175.12492558940795
174.42584183815504
175.6080141826357
164.37739714356724
175.65448261135109
167.86926778441045
173.96282936001398
176.2077636758511
173.8880565691186
174.6187572594698
175.73446888557498
172.80237152534667
163.21322978477664
176.48988152656682
173.9813007078721
178.7306067484912
175.3628257717011
176.58479237005847
176.11681915979943
173.86288041111837
173.1693494889901
175.06803285356114
180.20846240057622
176.1833212266949
185.06452168981224
177.38714369845115
176.11718408605753
176.80527031389957
174.96636235782987
179.06558963956266
174.47222551735945
181.83879920698448
177.66614597288103
174.59368687479608
174.86616591666314
164.8791088102068
173.71241570203657
182.89744703828612
176.72773045099234
173.90287462047215
179.10348503857745
177.25503556050728
173.47730760243647
175.30014659631888
173.53935753031496
175.1654150229061
170.92136855638935
175.99389883363068
177.15200524105538
175.15284028606715
181.9293089862975
176.70910398394858
169.64988573119007
179.03424041351113
173.71339557905316
190.65635981673273
176.01144506693387
175.77051157458496
181.01310179501343
177.0040656067734
169.35045669446845
175.52133449100566
174.6675711900533
179.40572421785197
180.58220063008076
175.96588947539811
164.8717828776805
173.30804677625764
183.51343833196654
174.273166626871
174.98594022704415
173.7485549634386
176.34589951338688
170.81858006214355
175.3610271278183
174.75810283745292
176.81373053835247
175.6395960903709
172.57628698552315
169.64172293918574
179.5571766535151
176.18930883420137
176.27838579243095
177.36733190319467
175.39478684643157
183.00863193403745
171.70688044458095
170.28307712990286
170.59464315116563
174.37187863418276
170.71650948824367
173.13265946638495
173.37092267167205
174.0940358954531
174.79274122332347
174.92672629868056
177.31884780298645
172.3891494673389
166.52345747919716
174.8187653362635
174.18314920191668
175.72102182878393
170.0013204706219
178.52940243098928
170.88900523359044
169.75712199092075
175.42818644378485
173.39132125403776
177.713312532869
177.43858407371638
176.51366200330406
173.37695722940234
172.92621103734484
179.58815729681982
182.1549872196579
177.15640478475132
176.33682609520665
177.52689303242627
179.73718056374278
169.24619300624406
176.60833839839975
168.45351227166356
176.48028252987223
179.89181951634697
177.45634747832526
180.271707579731
173.68262537642295
175.11086899662322
171.5436528683771
176.5520220845724
173.92628098333682
162.98875192601795
174.91271833828966
170.96755420573118
176.05072173664396
187.6499500213601
173.78591074294383
172.20006408831773
173.8887282575181
173.01240440614998
181.4607190014504
175.39111045592813
178.06447029810886
176.0457969083799
178.88143658046664
173.2003562232776
171.6112083163221
175.78371158078178
174.27659936606165
185.18982271790424
173.44204980456192
177.52554931226658
174.12050491205395
175.85272815339613
177.9961478533025
174.84262903878943
169.8454728303583
172.79827161429893
177.87057928946902
173.6672053410767
175.35231184830192
170.85291380242845
181.01825869814024
184.6062946776345
174.62301205443157
173.72845930482129
177.3754666991555
176.78837936590702
171.64369003244147
178.0403128145444
177.18161958963864
175.88974539696827
183.40024076369042
187.79685910623644
171.62589582524348
178.63590344723661
183.13465030703338
177.87544234178014
175.76819979101484
176.5925695805536
172.70187482102145
175.01183893410342
176.14258443305155
176.80036325257367
176.19171083732616
188.0514066907486
175.6297831339169
171.82264469523838
166.90215448722108
172.96822426469927
175.07254191277008
185.9686941314117
173.55113102758412
174.62875752064028
171.19946941325497
178.94329262794918
165.89272494878023
172.80338548582313
176.02331364466278
175.2210894596062
173.57217673008034
172.15256465639385
173.70719088407884
174.35454721236934
177.42490793143
172.9102017139333
172.43965264444518
174.13305410593688
174.3791463352528
174.0919917494543
173.7885921415471
173.37386497795464
174.98370682345313
174.71899567106084
178.74621594766086
176.45711860706535
183.67796085641464
177.73956540221764
175.88616107656202
173.28282909541505
174.73240656790324
170.66584340928358
175.35404140179185
172.5017119646443
178.90227401977708
176.83088559496002
180.06447725461243
177.48677866216215
174.8096936276879
174.42929706648633
172.93962527910887
166.27348423189696
180.6714630126993
166.61284581153453
174.84323560105966
177.66669910289235
175.00223883205211
175.59778081144114
162.76348916521357
177.18423575724276
180.20721100162257
176.78998592947983
179.49632870797683
167.55140056734123
180.7620722859702
179.92173726653766
177.14913847866148
159.1817515034939
171.21393176232226
173.48907530424557
174.35730798208226
178.20653535289642
174.90404470758085
179.28862330354062
175.61369923670264
169.6583420916286
175.60584756866388
175.96749507537743
172.8791098578504
166.64139904225175
172.84509807991276
175.2886220022366
174.3088868722899
175.1366262404222
174.8563083672573
171.19598887515536
175.1509848203992
180.12009962850203
175.0680771169793
177.73042179281018
175.60611816049533
174.26583456799187
179.95625002512026
177.66364450494964
175.21799750504056
172.67608145557307
173.56928359698242
173.7387391180698
177.92208414907032
173.57244020900575
170.811928285247
175.26788521284698
176.48540113379093
176.23047661668036
177.24083156067297
179.49810765073045
170.96453650718473
176.87586598160166
167.12422612899215
171.19342315382545
169.53088816988821
171.46975530417856
159.5482879332406
175.96158116006518
174.09233335937057
174.3546944747342
174.5211485052156
176.62449345039516
171.7404596959836
172.6006717550888
173.79637461743192
172.40190258526226
171.2601553280384
172.57358513092876
174.6611283835044
173.71371977645703
179.7462564498625
176.5133645947328
178.22509684425046
175.04678408290727
178.59142294723122
175.08451753591075
172.26166018557225
174.15010954473357
173.61954081717977
181.41618323239894
176.37130533502898
172.75577371429702
175.43281375660814
172.36853329435678
180.5488301688924
180.30155568069816
174.59093622377677
178.0296987609047
173.46901481503383
179.6592628753967
177.7415923722338
176.13778839748815
170.59591766436236
170.21181513680807
176.52051381655667
171.2147297396892
174.98630119673948
178.13075874861124
172.76686181234612
174.06287195409897
175.96992209200727
171.16286235998942
181.43001810956335
172.8669645994978
169.59172830086607
175.44026672182704
174.86899671576873
175.21975297390836
173.24197319171088
179.00729578978792
174.84245476015937
172.7727101697726
186.77623807184614
173.51718584663442
176.12706612326213
180.77496395895216
161.53710670623195
172.20880761463775
175.25349786074815
178.2106994410069
175.75052613148273
173.07380701071367
188.17626624777694
180.79578438402547
174.50593723684892
173.7014736402832
175.87294841311538
169.33041056360773
176.4694034008071
175.97754377901435
178.2904518496976
175.47743276578538
184.39667496795226
175.15419213340942
168.79586087326103
176.19298346818337
161.5568618766319
175.94717554525155
175.09949366068736
173.52993157991597
173.51184652339802
174.87070414473285
171.7839538787826
172.0298296652796
171.5526857301685
172.815632824422
174.855582411967
173.55675780323517
178.1079193971746
170.97433739663066
185.91721352378917
175.7927861287574
182.78883514480617
177.00515704687948
173.57990908887948
180.76887975982197
172.42425752701087
177.42313066170536
171.84090984830794
180.51311510305172
177.43645697237562
179.04931496315726
176.1156316444294
186.23090154241126
185.3378727334686
172.6642194311295
172.9571671142193
172.58700234379464
177.70255705798604
176.25776296593213
174.6590465690127
174.39953548388164
178.16848722597217
176.29194470868393
168.64946172346166
181.2593322353885
173.0341910003427
174.30695375958985
174.13247662293887
173.49669766154696
176.6676583076559
174.51755242306987
173.40348762476646
176.00550007222162
180.31190073528566
172.25290668660242
167.0047673775449
175.94604704413356
176.01899374273356
173.62128696108982
171.9335186789862
172.7310554560439
177.9522681947627
175.78309882398617
174.69702592738972
181.21237059763524
169.6260622481354
172.30999581274094
175.62621059436978
169.62488071031441
177.9054441347038
174.27045571300408
179.53779760034666