65.50817681043581
65.21648952450212
68.93816898447952
63.20731053204111
56.566937952730264
60.61362596032954
56.301775901125644
70.17680341125794
61.6817551181091
62.74116457940711
58.17937562806484
62.91652086401933
65.43323341082325
63.54517372054124
65.80371932645531
54.389510610982605
63.48012125484391
66.82326834767602
62.55570662662436
63.06268536715429
64.98131507659475
64.7804414319247
55.76969576004893
62.18611699271451
66.01743426922371
61.732278508580805
61.63545580958143
61.804350975587525
63.65590661952104
67.20563334704926
64.61856840426476
58.10604794919091
60.74689081007903
58.13816792933508
56.13972241730894
64.3462888956048
70.42783795631894
59.57313494616823
63.984482730440384
57.51019340032008
66.10346416960515
57.39055856822122
67.37252145621832
59.48931676140412
64.19929757168062
65.58429073931788
66.54064442651793
55.4156225840372
68.31597991702075
66.05414794606773
59.63879611766762
60.70582358169008
62.287080447321166
66.02549687819443
74.80165753693403
62.83361812415047
62.67070653062971
63.38602820712001
65.49073893395806
61.178075859130516
69.02324986696811
66.50909367547881
62.398880718023506
63.70191291878254
63.15372779392669
62.83832194236038
65.82926421575024
62.73366058406188
53.85823315654981
58.02662573988051
53.212188071820634
55.74936579606474
67.29115361404979
66.30705656345458
62.98717848389479
59.05234748999311
54.28983708973056
63.99962809279079
67.9479329887581
61.54437407630492
64.73836699940396
64.34043004334437
65.3904296617087
63.26927295664079
62.86090335983534
64.26287314649403
56.86239274426427
58.6983027138345
61.10115415801549
62.523683566489126
48.41830143730942
62.716310305065704
60.401545863984666
63.728934449256194
67.85874647623285
57.294724027834455
65.53295997720726
61.11990288111114
64.01995114015767
67.46943623748706
56.210873865669726
68.4876094906719
56.70094073425256
67.37665113165806
63.90255745055744
62.34161143588401
65.32355814752894
59.79998986898668
61.134832734381
65.99132439637444
64.51411248065034
63.127106840002924
61.37497021083773
63.69087512384233
63.51295779842571
67.92226207884576
63.45584860541384
68.40640392284335
74.21942053056488
64.78594499368513
66.12035650894524
61.77325068594791
60.08584338528218
61.44081006224881
60.44932419041402
63.93720408355732
58.94437927020575
62.70712952577279
65.84762326239854
59.300330196190714
61.10974149447265
63.24883917579218
59.91503342635514
61.06643175963126
63.09978222773911
55.73447585934085
64.1055990363697
64.33676510237463
63.452170316374165
67.69462739334676
61.77550651206973
61.744072097816534
60.01787643465485
61.29047779964033
64.3948821341634
64.76068141489233
68.58708602442837
66.130475181521
63.89151259647784
63.608909199482156
61.930341624601404
66.60891516220086
65.27219382248299
63.24035075345468
65.02687394549265
68.37908439256971
61.702681042028175
63.80886518057793
63.16448264286677
64.82136396323993
64.06019053425592
65.87403684155318
63.48533910939467
64.89880118785075
59.74019193046183
61.174384257198426
64.8817112141322
61.74236493894971
54.479512115308026
63.15320297878909
63.75616913110028
63.432733749112394
63.74495903068605
63.015394788485615
58.610519364980995
63.52194355277956
61.70302536462892
63.98129956208213
70.8420222588021
63.69862959340714
65.34388354999098
56.521659078963715
67.0320130652269
64.44733931381745
68.24803247826982
66.3461373823028
63.2614079885038
59.438062585201465
63.64972822515249
62.307505033975616
78.72131975645095
62.565756765125116
64.01974437578926
64.22208014414795
56.75863083508923
61.90153952306798
72.66601200515848
59.2019055244416
62.667345483077874
63.60156071835024
62.379898653342885
59.077913667580134
59.29294287827083
62.948302534493536
59.42689603458753
64.38782963555548
58.04133998573562
71.84832620646799
61.14541647225203
60.291491697314825
74.07009033418296
79.13105428822418
60.83268800188705
63.05995330870984
65.17987173828674
62.63495656588941
63.54634470989642
63.75355734273887
57.124763882669875
68.3113961761862
61.926716284565636
64.78351495001542
70.45677773079588
49.21310642866938
63.75507393398207
61.77062027009596
63.37256632220322
63.33216799690362
53.84806022221152
63.44688398570283
63.554190279664454
63.54533428128806
62.87126277532949
58.079234200473564
62.34473443317835
68.63363257458327
67.42311741582209
56.01208821835852
65.04212325276164
64.4821956073167
68.47935685361443
59.039384813628494
62.37936889988953
62.56648355821947
62.922240137278095
62.7633436768574
60.03799970856265
60.1470070200317
60.97648275068586
70.2507984679254
59.80496485547039
59.488224970734336
66.39909448387218
61.64238984939476
53.69893859427068
58.81723850976054
62.363272161872395
63.49887067736913
69.63654457747919
74.70472842141432
55.51521376124331
61.173660065551196
66.6810789611497
65.39701890045687
61.31832563216391
63.32364229431952
66.84209536863072
63.290663185253
59.88913483072148
66.17885432945378
62.250950548940736
57.12196474439639
54.756177232678006
60.332474509004406
60.29078344594563
64.37757219963866
63.11234910603698
48.869624180756134
61.48505408039236
62.18380479801925
59.06744590444973
64.69427284625638
66.94163085225836
64.54975249034516
64.55389494235678
66.80581693204024
63.56522524428354
65.81040427984792
65.60324284880372
63.58896429168688
67.18640267734241
62.571074484466735
65.39300941411813
67.38603703867533
67.52244385515776
62.174979595266436
67.4271266216956
59.95389082796252
59.3918605062364
63.69238455005975
58.54768777200153
66.25151424230273
63.36841143568658
62.061161500001454
65.37705901646214
62.79834416898461
64.6935208109141
59.695534052325776
70.97990105954064
58.84201779943905
58.48395277116415
63.0402978591509
59.467860799617135
62.32389436775365
57.83201401683146
62.06796252598819
64.56201065819471
57.25884346002323
64.8105672203773
58.15156949783059
62.83017295381127
62.19333543369123
63.59440236301102
63.34202847188967
59.61615854783592
58.07121112373301
63.63961952554005
61.733439982903484
69.47277969693387
63.46118783899509
61.60051633046459
62.31590816722299
63.31489943124784
61.260247733436515
66.13071010961292
61.92561931113521
66.88668645725105
62.0984381454841
66.30722421021423
53.256369305657635
65.85933441550094
61.18364191182443
60.61151204803781
68.1368085524653
62.16803448459706
61.84675230190283
58.10789432342168
63.9822758980342
62.00859975062401
67.25510790820447
61.102679758647724
56.184529152258776
63.55249871849422
64.55757307480711
67.0766877819216
63.65859182504379
67.664525042912
58.78661177502852
75.20267867577506
58.136464831116236
67.23315409153517
63.324602954628645
70.86951859461335
63.75973618439833
63.88871003306118
61.85033939936074
66.38342066145161
64.40508400465913
62.648414166421496
64.06610340977336
47.17993383613092
59.10944027935685
57.658580177402996
65.8234508838039
55.385911407518215
67.24374880991135
72.43931269958803
59.60067664394662
79.10585988476151
63.4781436841033
69.9670996166228
59.17718821021638
68.967354389512
62.556839151480794
65.72704460322345
55.86160463928426
62.208865604715065
61.85551908434999
64.28257351437468
62.112299049987676
62.86491261867931
52.7775917193451
62.22743148524016
57.139114648732075
68.78990675775881
67.25982751032373
62.09212978060808
65.78603287938255
64.6902730250655
67.94685707544504
61.888325546477596
62.64829047870066
62.38108941001658
64.19143021900021
59.11016222187363
57.12534266911623
61.653549575078536
63.78525491749773
62.60122622547818
61.03296704659394
58.7612944578716
61.514504691780964
61.742800524941124
62.55715821515298
65.05670137065535
60.475283417191925
58.95354842631595
63.488703058632325
62.78075055459911
64.36699066289914
57.95144676731264
61.35748654553151
65.0174694283124
61.75342663489407
63.95545151747788
64.7251145254536
63.42443215870333
57.834436256856804
62.66594917194541
60.08438242142549
57.415865471673854
63.37856017276871
65.46787791237217
61.8578840689651
63.53201602029058
58.31188762898523
55.10388477960312
66.56990866513365
64.67512831275465
61.075952833674975
67.71968864491085
61.36374450363965
56.95498835347695
65.87728306153208
64.83830319549483
61.020091385162814
56.51007443180787
64.99786313249326
64.16136118328707
63.97545427004273
58.163330037928425
65.88072425331691
60.32469237510156
68.76416416695864
67.47734465461117
60.60581995712699
63.963671578137216
63.505217241216464
67.62907239378735
70.88832936794999
64.09537741128304
62.9714759252857
64.72708917217925
59.75700928404923
62.7400756282532
65.87054730039685
66.04793178033559
63.10526699609531
61.483399571032166
64.7936002647545
66.27931227286098
60.5778347888796
63.18280015385524
60.96727522838909
67.45863956233669
62.44636398651967
58.25727710101305
58.81098659472695
65.45650301708659
56.49586003636097
66.64908056285903
63.396608230550775
51.23069951259428
63.643339170897754
66.15645035022298
56.91940503730741
69.7402049567928
59.44814306108148
60.513412344932696
64.97411765200702
58.206158567741745
61.94204885782369
64.10271429412478
57.91138950479299
85.86209997520393
59.56302584523029
66.37184301587835
64.97450330210458
62.45914636587746
55.0663264864757
63.748575153885625
65.95562162498032
62.12252561728458
60.7010416434618
59.48871296911546
58.5965933006293
63.213831115966926
59.757903226986635
64.04614058693805
58.782765351699524
57.29864933518134
65.8009160897232
58.04898687684886
61.77122600929938
61.48655762477579
62.80168061786199
61.64456206032077
59.80372896740822
57.88204196209573
65.92845510413208
62.22402373961318
63.27174542463047
61.24401537911018
65.26643816408189
62.39368712109736
68.72864327976589
61.86771528875234
65.97043186920477
67.00332812514387
64.55876449785765
60.97241098524624
62.64444981944589
54.79235690259181
64.17184886130707
65.48198182245542
63.014009325640245
63.66371145075493
65.20201178696614
54.85746980199224
64.99335935150415
61.67759382756859
64.80563014009789
55.170083097802404
58.85326280567199
59.44374642141105
59.85145538167231
63.531953729144014
64.25098915285439
61.627616030641576
63.419983360775056
67.34340029873604
64.2462604914711
66.31159345697216
59.34292380705241
69.86982155307177
63.98094074690626
57.09418816352031
61.36772612123191
61.4984849594098
59.28063966500607
58.91241858891848
63.95341146764733
63.44342623619783
59.641155960569755
60.07069703554559
74.34995463327638
68.9317586820038
47.09036180969882
64.98348439794484
60.37114293720012
58.81015728268624
61.41414309408155
67.43903282318628
62.97361019364886
56.302548732398655
66.61642968424182
63.77894486311288
64.35360624900339
61.624390751891845
64.18875205070641
62.76170507737956
61.48976651264587
60.375967449601745
64.47061007054131
61.739510550522745
61.905936537711554
64.27439142601582
60.86234739655413
65.99255189603034
57.993208434844576
62.01035772644554
54.62931116014161
63.83381645552715
57.99143640052002
61.37885813677142
59.35444959840605
62.31836084338361
60.640699651574444
66.70857699406457
63.226857400098616
62.8281447997075
64.50804772055697
56.37863152594807
65.93611771089907
67.91402795835134
64.04141107380588
63.82085890196403
54.7765210258013
65.16007198802883
64.3139217801956
60.561331995713026
61.288257945382036
60.351006509238076
58.66017411199903
60.315864944534084
66.9283321241218
63.088151391491316
62.36125420743677
66.87138977420442
64.242660196267
64.13254084522384
57.755214011772196
62.33630287575464
64.23795871799425
61.98665786351094
61.83160099577549
62.82944108079256
67.69401678660131
60.92000872802952
56.47680857168962
71.96396969527535
53.45706632772779
63.96918045276951
67.62231248818006
66.3109757804909
58.907715054181736
63.243945344376606
64.86657866791286
70.49702952537135
62.86076202892844
65.32699954121532
63.099852434299464
56.83247058324182
62.89430700745679
63.84082269971179
56.118698038789894
62.32187503187768
63.87797773959866
63.111924591611974
64.00436143864574
61.4134411397026
49.74242065360305
65.10508561721902
63.877373852028455
54.86359895556026
70.18180954018423
80.33997389755768
76.89720967266297
55.68437175789437
67.42896278975513
63.65724222601072
57.25075957658834
63.04658090884374
62.957626783500054
59.407639424922515
63.243137654396065
63.4484378160166
62.92011472098844
64.07883930256573
65.76872236815457
58.039769012792554
67.92931607799729
63.35469592631046
65.55573575733285
61.73885065324188
64.0873816453343
59.913051797187315
64.70345716872836
61.764762715921606
64.26314966623535
64.35777214669005
61.847420366031855
62.42441478710871
61.617773730520206
63.631737668314145
61.60247147407576
62.76070437817989
63.41985324944007
67.87887534006545
64.58853369407741
53.80580219998325
67.03271717645767
64.52626298595031
64.22264438471466
62.6402709605657
64.78656907361665
61.89644252201606
54.80298067595717
62.87472332151346
70.63233516067069
57.58334190680851
62.36120610577506
64.07905787635688
65.09876755777506
63.01548769492579
61.8328113218073
60.21475779061118
66.1010751189825
56.79523083148728
64.14609550354672
67.39169492233508
58.818758123049555
52.03462909930771
60.50968349211663
60.47156326644049
59.71054021008078
63.867373757140754
63.365492401857416
61.93564018536013
64.74205831837841
64.90868722652726
62.2964385018078
62.029261900472534
66.58097540607051
64.03032471927447
63.03221176488276
68.78909608715114
56.001556894884345
65.5400515572087
62.73814604815969
70.99490828480872
61.478846120736655
58.73497473825343
77.69673858239642
64.86068737754309
61.66615100042799
63.71375600279529
60.77957772278231
67.34920335873495
69.28276167050605
64.16782983764834
55.84340739753757
64.16377595867839
68.14307262162644
63.05577394342345
58.251299160465834
55.927733660405075
62.67524525869993
63.15254247620973
61.95568640256086
63.67747341769446
50.47813535421858
62.53090104301596
62.93846036201104
64.38085282164559
60.73895912735038
52.139434071804686
60.8034949168855
70.44981929094779
63.59042699836708
62.22157081183844
61.62795599907849
60.10664467254432
63.534834943605446
65.65603708565413
62.66229254448711
63.54797125807075
72.65952455725892
61.88170180039264
63.77322121431028
63.537155456506675
62.61203859912513
65.78107162193176
62.99736155014833
61.07345027207534
62.88826304050173
68.88894920493516
66.99259605177872
57.56074670614046
61.593764351557795
59.447058112933
63.84258913811936
53.65606404688513
63.93035619855395
59.79447352370022
85.85719354378108
64.35602706672027
59.32382256650254
69.06622204546895
60.918549027874086
63.8472324344292
67.90969661562299
67.31834718748237
59.60868372402479
57.13675137523916
62.61771143846563
63.457980191985854
60.32768355204502
60.206646683146445
58.204994196818205
53.210472136403354
62.92085593169553
58.83232095738846
63.834529090666315
60.55607495464009
62.90582381889736
68.07901255101625
61.93196846579857
59.95662246285546
66.28870900028096
66.28917877657591
63.22544227044269
64.50501084583354
59.93071899076146
64.80767969550321
65.62593045593093
62.59406908785512
62.664050622202225
65.01622776301127
70.85686877978897
60.0832825024561
58.729894472099325
64.7151316572468
69.74528403967143
63.568690475036014
63.455003467372414
64.6916216755873
59.96643980502727
59.79439188636216
61.87083320389595
62.889553878399205
64.33843226446685
64.1809295129889
62.55721228879998
60.191556930009995
65.07977370978499
62.021212412895636
66.57806134360679
61.37656126052743
65.9725144028294
62.87045679888429
64.66650111207683
61.701117782383946
66.66433048488274
58.796918239844715
60.450110420123124
62.69564373972711
66.20917576983415
63.75870165828719
62.71309584326838
62.38361340172927
67.13506586478792
59.211512105762104
62.76195025503385
61.793366129617866
67.68732698073849
70.2985256542068
58.030489874555386
59.24930893710367
66.44896760833703
59.043991117523966
56.3420912224592
61.71593107333581
61.59725282154019
62.80606773512264
64.42997992517776
59.228561845742576
61.420729575733894
66.27880616543021
61.81600558719615
62.25872888271911
68.48135545893447
62.60864971753254
61.533940229878866
67.07167336954262
76.2597595370951
76.64509204263805
63.69356396424066
63.532321461763026
50.105452014426994
68.93952071439679
62.62814159219201
61.36440491573804
65.3379432059233
62.95774540389053
60.68562744118414
62.71483121143408
65.92230390900626
65.46174265566975
66.7839808245931
65.3592015497963
61.57152534788017
61.61038599337264
62.142422949736485
68.75479428760889
65.99586128897494
65.18692247346239
64.63756142089147
61.28400325627872
65.14746681540701
63.443424048101214
67.17886643764241
64.94075525942355
64.81251806107045
64.84080206300393
61.711902692665795
63.73677510034221
67.74000194301074
66.03713620096042
61.11304964990113
63.51571367498865
66.18496714731351
64.35309470289332
68.92226058480574
63.865966754249854
64.62020865103285
63.503445595701464
66.72789439606785
54.543632797295786
73.97394886698315
61.02949840001455
62.079634076547656
65.95597598864191
74.63356352174668
65.37284973370409
55.75764320898177
60.1538513217427
65.30024087038566
62.973594158258805
64.59633618590586
64.24099318372981
57.70146563220354
61.309315536291095
73.68292007312422
66.00732088876063
64.33674245949877
59.76016952912675
63.2805439205287
56.81019726820163
53.11083946246276
61.546911461200416
63.58358424324463
62.38394202771498
64.04945499364443
60.27380949559795
62.45711978640926
65.51191788959893
60.823157074352224
64.6360130405415
62.489764763221324
48.26653907960371
61.60643636877036
63.967288072130444
62.55032929168805
61.854155086856636
66.97908175703219
64.00350934511921
63.03557226392279
65.803149835207
60.14520422245608
65.9809489689553
63.33561368027657
67.23088488211681
59.19498121629833
61.951887204768724
65.09292499417643
66.74404102900347
59.39393131693699
51.628042679077204
55.67631793134284
64.36798610570935
65.75595315366643
68.43363798771716
61.57287544009644
62.715803234500896
61.463894088330676
63.34171009419785
65.39660300198906
60.12975323871861
63.20142219956358
60.92521241407307
59.879277670700816
65.34914064218883
63.57418421017556
63.47014703486684
66.1432916565514
58.386431307177006
60.78824890766924
65.06363146710794
69.90613930054553
61.52135536964894
65.01033909305096
63.09150855326138
60.8849513884197
65.18016846959065
64.5885458887527
65.75514636493433
66.60087745527414
63.4179457687201
61.36281804884422
63.35209244029977
65.67965928276583
60.321768329125646
61.94964162197223
53.660125630105526
61.179950832199594
62.57715585461338
62.89032838910972
63.41594489721194
68.38867289109514
63.2392149301154
56.5087544610264
63.6339917999746
58.72386026562773
64.31365925945425
71.6387039574104
62.43498813482259
62.87888870999289
60.349708702605
57.48450772786632
62.93570360693351
61.46455080498657
61.14536460176983
52.35732029626815
63.15919844672554
61.335978903506025
63.19207452013585
64.40178759943404
61.629648582898966
59.50162762981198
61.196620586393635
68.80720042495307
62.82560678538885
64.70975317526283
66.87836496602226
63.951434786670305
56.67369320733852
58.82367156490077
59.91976251629671
51.9380794577345
58.31393353249181
59.30300674166833
59.18248012814068
56.377289107954795
60.89420287800144
63.985492308334116
72.8078293566702
62.67682980535694
71.54628925126246
65.73136485497818
64.65546952705255
63.695170470518114
62.36448559195023
62.175936574818785
65.03571581007425
54.991896937246686
57.93846294577782
60.568345808766594
68.91689407931624
58.73204719558465
76.73365080451964
65.80752809409977
61.35575965784085
70.9760888846276
67.35879496756388
68.07954677713704
64.94166930306353
66.60803132038494
60.60560097458316
60.26080064214439
63.76138505393179
63.057569587422265
64.33442036233215
65.15809132760229
63.58678791475716
62.674260646733174
62.13859878791707
59.23112792813383
64.95346534899849
60.05697992560847
58.561588751332614
65.44398938617178
64.04550599775843
59.50528441965558
64.02093572025628
59.48340508976751
62.357810945521216
59.89817908694845
63.60199522012297
66.67856885420174
70.47648945992174
62.82491475689094
60.8005966612543
58.84621862207414
64.74478269097747
57.33938831916414
64.32222110480727
63.47356499157392
62.04060083829353
58.97067231401756
57.41389088966359
67.36423218324302
50.80020115128754
61.71684586347222
59.70640837323003
66.16570981328344
61.13590642651877
62.81667982872934
66.43520511993384
62.78389432600682
60.90797424309845
63.55054612424564
67.21973320337801
63.168858826586096
64.24388330833489
76.75665682719325
64.36592559202906
61.890735022309876
66.0742139911321
71.40995238252304
62.659041481124454
61.16980886996586
65.93139163001014
63.73125470376729
67.61378089685654
58.034769347675976
61.70957164478973
64.51662201992507
59.57582870486911
59.4348854007706
42.17742292734793
67.33171750731874
63.15113045104833
61.6972193396215
58.23009985523634
63.09097131308349
62.74516016097753
64.94872515503351
70.0844638759302
64.96087182569525
59.92636428363492
67.21615061026588
65.45701375046616
62.335831953858396
66.56731138647382
64.24714334701356
62.920380415165674
62.455012226788774
58.131923884833476
63.225024023877204
62.50529003256982
60.66613275525143
66.1942386326927
61.51098297684369
58.28761002651823
62.74503583197083
62.95061597011696
63.502698392421
62.69934344379176
64.11741193154829
56.49053864949154
59.39073614523024
63.39012732576786
63.260653897288115
62.30412130500135
63.19115400102697
75.5818308347578
58.94629739541711
60.51119696839388
59.95909386458358
61.63939202533377
62.337403914402834
62.438084349453504
68.54571510493072
64.61010333648436
63.5519634984686
60.26923069865047
60.55508943965105
62.1492055007142
61.4969939213522
63.71639018617972
63.78062455192199
65.34186806409852
63.51181344486783
67.07338065637501
59.72686190923702
57.21081128211121
60.54251003879593
59.46779575522697
66.70944184819633
60.40201357599971
74.2575175211376
64.4487041080107
59.8215052616527
59.937165211945384
63.05614521353419
62.00881280456972
61.284239879025776
70.5048166846944
66.13420945962314
61.729581730178495
61.890780622318076
61.204117417612075
63.93962362521091
63.054986079922756
75.62057080409124
61.31367236036632
61.0177231116972
65.08547467110841
71.05084240508792
55.6252978722455
61.135802272723865
62.43889976987724
63.43847717088657
57.344571746167404
61.873156540314646
62.80331163148205
67.19580011938685
64.53195201265441
65.07498906364022
59.6845472014534
66.67673859827576
62.35005048487035
63.42228129014997
67.07377886571624
63.93914193072316
56.366663529940276
65.40582997028446
65.75973417749604
67.1078600309389
61.15268549211355
71.07501041656266
65.64505510227129
59.73419225297262
66.33806891707034
57.8346283906923
54.64662292938007
71.23585337308633
64.11782637487109
65.57551506943918
60.681492613770224
63.468585017661184
60.601147251109865
66.17391455590821
64.442415255298
70.31243801229674
63.92609967992996
64.74353422044456
63.61838162180807
66.80258417187976
66.7929199184757
61.972235648827485
60.51651842265181
61.46220576164715
62.87626107804314
65.48855378276777
72.88912502982177
61.80236562766801
63.78274517698303
61.23654939255283
60.722782927117706
74.21566402413325
61.9816127431063
54.578740635231966
61.03490301286024
62.39758901223563
63.56873528575085
61.074279292392006
65.23970790108727
68.2769456201622
68.37383083449892
67.38489593479487
55.070431522015255
71.87288426207598
56.63516926658064
63.30235045744152
61.65651225304068
62.58922455578353
60.873513834526165
61.85547365292307
55.23669382105718
60.981853473143744
67.6464408565609
66.85132712757868
60.878912065491456
59.10352057224844
61.65180503794219
63.41529975016039
68.70090173366337
65.61156689488121
61.740091969497115
61.541727896865794
64.97322376809205
54.67044146457931
59.76601825533906
64.08256605153859
63.75368946399653
61.89278560198764
55.522767379268686
62.56165426386653
56.53709014686344
63.745726689325274
51.79999564442757
63.833160761635966
56.77775585924918
60.59312618286721
65.98086016907463
66.10043956204957
67.77329384236874
64.53138692864492
60.45907890823693
50.822171351904196
65.33168430966286
59.755624786580526
61.611196281532386
59.313176895428995
64.01570561645754
71.17765901902786
66.22876046054851
55.26588862485955
59.84392481131139
54.628621327592235
56.35810391992906
58.48120214853736
62.36822503850867
62.3780127022104
62.26642617136949
62.39115182214366
59.440798216742095
57.24294895700304
62.0460529114551
61.72465287235301
60.8801111843147
64.03259455440956
64.24338859853881
63.034796869531434
64.01284030184232
66.76225694387409
64.15360043830356
68.1088062613378
53.83675375504203
62.404047415197894
56.7064774828866
62.42527127807294
64.95265455738482
63.09641510840054
61.23278577290738
60.73954607893016
62.61706382278438
68.04970826283535
66.22324261483051
58.9793785782405
68.69264637739667
64.11943075016684
63.04515631963738
62.6969148577906
65.75647813529662
63.99385677627452
58.073663194757344
64.8823666420086
69.9109713011667
63.322440985796376
65.09123708948758
62.152818811492224
67.78023728495873
62.499058447854345
73.07218159774379
62.56858251163279
66.5771753820067
64.9813977768963
64.95264571805916
62.246101583317056
59.07547017662697
61.14296595659886
61.343803253460656
64.17994760786976
62.02936954148131
61.697132862314795
62.73409117521909
58.546005772772865
64.84066012887236
59.63209228643848
63.00641758709427
61.245643995512914
52.01740647543269
59.920933589663406
61.66955575620619
52.06107972259517
64.67288200889739
59.684305211933506
64.24568908442915
60.90458809160519
62.73759581710072
66.89898155186464
63.872409488521356
62.787529982466474
57.44712495187996
67.15416861936804
58.846368788586176
58.074758749208534
64.24924095934104
65.16370266937
62.2679340716895
71.48484055040234
66.61838700027266
58.93450401565428
67.25983439095921
66.71247565883415
64.48954840134304
63.62841733503977
53.656433252917466
59.191876930066464
58.42479264679515
60.09681496743319
60.29740333808767
70.51224310896522
63.190777876183155
63.68937801083355
64.5271592511157
62.85504114320602
62.01750872438503
62.6236847794641
63.862161492419006
62.416357000063016
63.987935710757654
57.702398906505884
65.15971375830512
66.14077708571719
64.04855849806079
60.38693017415941
60.10750999404763
68.99192359805257
50.60887805673024
62.37976381420395
56.56273318234581
67.52603583723027
73.93122604731951
66.79460477947138
62.82308808026237
67.37611810949282
65.40190721085331
60.95093828414497
67.93230748266973
60.63627482108367
64.39625568130134
61.39895716534479
61.82234776860403
62.823458678509645
64.98881246466361
65.52129929813869
64.08307837379651
67.67170183558798
59.05302856509042
63.0511765671829
65.2143160700489
64.624209111513
52.674483058224524
58.58555507977426
67.99574139389557
63.65766700101601
63.18639230045938
59.001116859050875
64.10293858835283
71.47645425297885
56.64980002116839
61.64384132330708
66.13178027449784
56.8424659215209
66.51846701732066
64.79902766723293
60.76944844685955
59.483406390919754
58.971665004215524
63.32345682504527
57.32954744427084
69.3523680400112
67.42286178026932
58.16303854939197
61.53821152624274
63.57451047962986
75.26018654766035
61.058356645464734
64.54357493192695
61.4389771420958
55.68314561993971
65.37182548070375
59.19958070941557
58.95489962985942
63.49237683477215
65.27475631169077
62.036046181441385
61.32342007255895
63.52794207550402
60.75199559424337
62.63362426475376
62.11261045902113
63.964975599394904
66.97080881953498
55.35698825637
62.875130840246165
59.2353943872319
58.33400898123561
60.66431444873892
64.99602327470024
64.72028323351502
65.946279230568
68.4606809366953
63.928068379261035
62.856653818473326
63.880596614783194
64.99358880988534
63.00706931374904
65.60883612248647
67.51691352492328
59.320478439093364
66.79528106910143
69.91701835487464
70.91807536866642
61.42447343241763
63.27546769283819
63.87373758538073
66.91752487000795
66.64591135769504
60.95137699686523
60.9740267597256
73.19350124925413
60.55741836097918
68.47211271032452
63.23012156743511
65.20689082188984
65.00027916014636
62.84779126487025
61.61560806834845
61.67569154965322
67.44562818220916
61.52920307153248
66.02412604618371
63.4550288560956
61.8046103722901
59.58817243933752
59.64421059948465
62.64172012657543
58.06084918033598
68.64565835545147
63.44824538300418
63.99866527858178
67.23730819714186
63.57725493776037
41.464053519430635
57.161710010457924
60.86209278020914
66.34297886798701
63.86744219372758
57.734894284283904
66.3636177617731
63.86637708833903
61.1790362368948
63.265644019499156
60.42951399411134
62.66868454903264
65.54853834902845
61.85278082618151
65.62068896145347
60.38482006860566
60.628256929330846
62.450408757108356
53.788572174796485
62.82639865561456
58.05455458356087
56.99424804831894
60.661878863442226
61.23732491264808
59.71770084696508
57.975425680002154
74.51155216458343
62.70161536957514
62.2103600302984
49.28295134576861
65.84964249475503
60.246726521118305
57.04509785761726
72.91810810424059
58.92880914104233
61.8997242433915
62.126963253615244
63.97352173188329
61.346059133270614
59.83301194796055
62.66475135847789
67.03950287997849
72.48760296733083
62.60427136754985
59.35648345389751
54.18459104351704
71.44498440082882
63.81651702456105
60.02617156577618
65.8633223297985
60.991213503457836
62.96462005626989
60.24672395561714
63.14195838498496
63.74725016684527
67.91385156559429
70.23198931074909
61.76357834384334
66.99977890884125
66.44845663995186
67.33662056696814
62.484206959764315