69.55301225688395
67.21590542219376
68.81717726137194
63.45542497505089
73.2960328663698
74.49002158200774
69.6332484432698
66.04839813383175
66.77106239637601
67.1073075997364
64.89196864245525
70.88018483673538
66.95881163792036
68.94480905605813
58.946936563179904
73.98252574893
68.25058223171361
61.69916450121323
66.69072363853806
73.41010870839985
67.53705823482804
66.33800624418109
60.100839709871465
63.069683383669044
68.48883652041759
67.77094456595287
68.89870014265267
67.0831680328507
55.09488102247262
67.88431205333526
53.08287673981875
64.28309213506365
71.64002055585084
70.92544346345277
67.62012513718065
66.60610951914539
67.43534274977941
65.78616093641966
68.54503952360386
68.18416278353634
63.81548809035163
62.38632005838342
69.50838420361977
72.16174172892359
63.49373528918329
69.14057847593917
69.60006747453842
62.383584711406826
63.598149768712155
68.85217957031608
70.20473666485361
63.38839514205896
61.65410970328039
63.430036052314314
68.13339260961003
64.69302848012875
68.25197386039034
68.61264847316778
66.03418636903318
61.89803701049849
66.66784108078782
61.20638478979804
73.40865077752574
68.69254538206152
68.86552249105546
64.78288567892952
68.4717753463338
58.483370613089136
65.73116785268691
82.96311959738429
70.4327148538982
67.29029843651762
65.6490157391191
75.18776302362613
67.84221694361756
62.863383693457806
64.55917058887358
67.07325298539521
66.26435943716066
68.03236393792254
67.37875865754266
68.51315510135584
65.7202125507445
65.03948889400549
67.7489700399155
69.00440034888398
68.63992856756693
68.6097189113016
70.19644417182047
70.10496029767792
64.34431404172317
59.644654242398694
74.81839914164075
65.4278298289201
61.39859145904745
65.24811333407386
60.31004794920056
72.95981637734488
66.67387354145012
63.11140713458333
67.71321000166708
78.38666709308009
60.032971267773334
69.29633865660583
67.08361489865142
66.3359568377993
73.54168775553696
66.95665649619903
66.67757825247233
69.86204663109402
69.02968885137545
63.339541769908756
65.98763839851813
68.35574414627919
67.78825333558089
76.13544386429541
70.37052510396896
68.97629473617124
62.92325634239373
67.74349161656562
66.6471756059143
66.81317601544859
67.22856999724017
68.03681379751133
66.21363654588592
75.16117513761516
65.29623383284896
69.96292788251317
68.67377943377414
67.20069475028943
61.245709318043154
67.30924878709723
62.30923569828963
65.71032068642138
62.182836098170434
69.49048006987208
59.72351803453826
71.92325288380044
66.20447527064535
75.50838553900564
71.81573631119879
68.18619464378831
57.32552842968761
62.394659310435095
65.56369425013642
66.86751809737947
70.20618286536651
68.21788510737525
65.8864271032347
62.132579940340044
64.84509024229587
72.22093807515692
62.439761823083515
66.83404900411102
70.95196609312211
67.5856795742734
67.21113761211367
64.98340351823188
66.59518010700985
61.19972926094805
62.50690915199603
39.50190675689174
69.03547830972231
71.45109996065052
68.35017534576498
68.8495429033996
73.26001580132271
66.008513478552
72.53795364390305
67.14595729939458
64.337075792656
63.43725113312075
68.82386068425271
68.0233319166378
66.79146882380016
65.35271031739451
68.81172091788822
58.22501239327755
66.53075828142983
65.69331289620146
66.32383092900321
65.09800986334233
61.46348486826822
69.58232647482824
66.86609576267723
70.17547624095681
66.39229494501896
64.29579311562641
70.17075899481928
65.30321362950085
64.70460277712189
68.35111441191577
47.22789202905096
64.66421933320842
68.97255684939653
80.76182620022979
67.6944395381636
71.50754425761383
68.0277673437606
68.6734321746725
62.25256204793275
65.75540292865978
64.45897810495819
68.61188963527539
67.0181243119061
59.88904133853363
70.29652025532917
64.730385241783
67.70098690043926
60.86936595715248
69.6958649772867
69.48529305226731
67.51697221226186
65.45177765589607
68.59320987311838
67.69508052162327
62.2904850598462
66.48322214115065
67.18141533121369
68.67452060180347
63.40422524983761
67.5402877220887
63.08311054165802
68.0930437130914
70.22285654564047
67.65849332514841
61.52373096504699
67.23749349978611
66.99594721093379
75.81120664717002
50.43448653000466
70.58382477341917
71.15598805274074
63.72685830798595
65.92847338122394
67.19630958595106
65.70726187249453
66.27380293365137
67.00168486814559
63.83344141504344
65.83093554316522
60.50966473400907
71.69475043428406
78.42157776491086
79.47594587631845
78.79250244811462
71.72179500507514
69.07327224402398
69.33347306719268
66.83063639618308
72.99620930197668
67.48458352077095
68.3433344303151
63.43595959760653
63.27818058498521
67.29864401322945
66.98925574941369
65.15144698300038
66.94392126585552
58.70365719278865
70.34580916763026
68.34830262336371
68.97473880456319
64.40375618002675
64.22868605142715
75.68150084287187
64.9938028963674
77.52131281328204
65.87931558001353
61.05702617202261
76.32589003336261
65.69374399541145
68.55394184569383
59.67441981958392
68.97069191543291
68.59713211692961
68.30471535316143
58.6476098652974
67.82124180318539
65.65921310694436
77.7442864768615
68.15970801664746
65.74100653097445
71.72490124243168
67.75805470346295
68.60133960556144
62.61200072922426
67.33745747712891
59.611424178140595
66.77141923685886
65.79480826593306
66.92554712594267
66.60635553163699
67.8323444636776
65.52491234022544
66.01701862067658
67.1992798742254
54.1709675355215
74.06356011501212
67.90301933570328
64.45448536207255
66.1290595865066
71.42052218869051
78.26739271723625
79.04754016367102
69.20798907697268
71.69749679122963
79.51566641879744
66.86093903689701
63.19940089372634
68.65242112270185
73.10838334654431
69.49012130208966
67.12955647565106
64.94144453437319
72.65433251754934
63.731189031261614
65.2754328164389
67.28946669462562
66.62117089450619
65.45597992797548
71.91684659474559
68.17809610758151
67.87469425220343
66.2665451845978
64.41399964179574
61.07988071132306
65.54309922923353
70.01548448783451
66.90994942590086
66.63386551045085
69.65321436599821
68.26791436747804
67.40068518317432
67.22030462095923
64.98608721412388
64.3866772406446
67.2381691013199
69.00758334041774
63.860100344622495
67.71727345331846
67.34493042834666
64.30804196715472
66.02920303112862
72.93209219787097
59.52875707143842
67.1682816136286
70.27438641738944
58.34303083725116
66.95337992881738
66.41958324988335
53.15873815431231
61.32657018725135
64.19600002856015
66.85384888162636
71.0499333575522
53.614299844030256
67.16707582923452
67.74345818398248
70.28652485897817
69.44218786073242
64.15636507736977
76.53386390502376
68.4934712710153
65.8138828516609
67.1683948435122
71.81411316023974
74.29243340874811
74.51194143871565
67.60809056196292
69.08205649184902
67.50872599048479
63.264813358808716
68.50843745696761
72.80332513603852
70.3327537995576
68.99245175650621
70.9495633799906
65.76640578756648
60.66239191007773
62.07400519285421
67.73001924348026
70.68874263784637
62.782222462076284
76.0439673225971
67.35316046887328
64.62519269482095
66.11406403397899
65.27231352602391
67.68630315561529
66.1813778996845
64.19719136432221
67.12052821831827
75.6587697252401
74.38578627226862
63.19980291009048
66.08816162666943
67.2906061603135
67.84789262351465
60.195395106451805
55.99008450498228
65.28341949411632
65.1976833984235
69.81049168768344
68.09845139620079
69.14979475465566
64.94592801944395
60.29743372830072
71.14828471321863
72.88872503393873
68.48569064898163
67.08222615646837
67.10158476727823
73.43324965467316
66.02114813951792
62.67364113819482
67.22229846746907
69.55552578650372
72.46835340121474
67.25478098359493
65.02922099074128
65.77502703150166
76.89586506356784
68.23335292644289
69.00796302652856
63.722099856862194
64.2874363589388
66.08709692027568
71.55019961219413
64.64835955615484
70.34122255508811
72.45151741745337
66.29881856672449
65.21379875576014
68.93786567045123
72.71406267315325
65.29302994743954
65.66746720970173
68.32630363139863
72.4263350692118
67.85709265072232
69.92014216503105
68.11850270455237
67.10237206250585
66.69925883450746
71.258381851366
66.1317557483725
73.73772701945484
63.95738677866527
68.19081294207835
71.80354567139787
65.70582292734206
68.57658245905435
65.94631091129135
67.72727775051385
69.92607914239387
67.76538825716109
67.38033470823311
59.85086382738883
59.35179551569039
64.68248398499671
67.18729244851218
63.64612696871463
67.76064849083872
72.29481404712693
67.26664698721457
65.91206185745001
62.39448609833342
67.4368869747117
72.1981591764143
68.66054963601954
67.27120744894404
67.3450116740103
66.76638573265453
61.18689889635222
73.51969154528852
72.56815294491625
55.223150586474134
64.24279174456086
65.17803063748073
63.82104187543481
67.40073108718545
61.86479285916467
67.44001837139284
61.2368265918594
67.05427887308342
57.09633183280435
64.82693375833267
65.27713459790048
68.14236568997937
62.076302551436974
68.88775137825938
63.68391442116693
67.67639182248885
69.3684699970283
67.03097691239239
66.14577693958088
67.4675963551017
66.37128583983998
66.50431259138612
69.43224242920132
67.23536253129727
63.08164440354945
65.97904725750494
71.02923668806703
73.39969773135597
74.16872338197044
66.52059469860183
66.72158963851037
67.16040447583435
67.06533267546529
64.2852627601809
69.60452152914351
75.07439155056541
76.07030589618003
66.27242005129737
66.87164680878155
62.95129245105815
70.08580715616837
66.42665691628297
67.65531806944709
67.53805326410816
65.97626592104753
66.51117479355051
62.163549033675714
69.34421607012025
74.42486842098499
67.52298505901216
67.5045377450035
75.22676582649244
68.15151619685496
66.80696150234995
74.71271200174719
70.4365551985073
67.9980818047434
69.42054242088112
65.0306111778134
67.43130105834904
68.8729797401812
49.854119155549384
65.61001833250118
66.8352003573301
55.940512138282884
49.148693132415076
71.09373282635673
68.35345513667022
65.68928918114004
67.0193447102341
62.647349155345076
62.92128104054804
67.18363219660539
61.435868031106004
65.91572429278995
58.894904769242274
64.26062912022131
64.0196848497047
71.56202551678241
68.52943972604068
73.08235114001994
67.00469690571404
65.04232845854538
68.45311153586165
61.42509863291188
64.28961566754859
66.34630753034095
66.51627754254464
66.63245096531075
66.91155537600419
67.57358987020676
66.39335800259057
64.06386560013271
65.31523208926254
65.37525844922209
63.903854992059664
65.70205887606667
65.0455032906956
70.65272502156468
70.1160392775686
67.04597506969236
63.53481951383925
65.72179758001472
74.57718146665637
65.61559519815945
67.56580512436256
68.15132145962474
65.69248911584684
69.89133882794468
74.71311813865871
72.87019039405729
64.32611304124693
68.82444135173272
61.77977980813314
64.16494228199248
67.59519236340557
67.17070739051344
72.26899362553719
65.31020940545744
68.40554459160214
66.91168615010591
69.24792837176184
55.97363021235782
67.82524060950266
66.74213371737609
60.2128415750039
68.51905093930525
66.93505622275539
67.09004078306452
68.54135897457093
67.57346632738609
69.46204220962682
72.40320559575635
65.63908571830326
68.43065620759894
68.12835326850461
71.71078134753266
68.70132523082593
67.77850987424122
62.75322469373234
70.00442091544637
66.84767292759274
67.05353921062722
72.54793442247967
62.474119838203976
67.06811696189165
68.17405277505613
66.129230475403
68.29909752648427
55.89987276705882
75.24441637043937
64.02336342452934
66.31740696305945
70.001507957809
68.70584181348559
69.4966055981454
59.77363753044522
67.45872622330653
71.4477697638229
68.95909884462328
65.62908785605599
58.60609025482047
64.08009387521534
68.69991731990987
61.58767705935968
67.68658515502227
65.46500902190037
69.95903114734314
56.811879825803324
73.69838309308295
65.5163276774293
67.69506065646955
65.70299102600362
69.20417621779099
70.93052467512553
63.90350571303353
70.59385347740806
67.10201703278304
63.91147995462535
63.86431898903297
66.50519809589971
67.58120877715476
64.30386789821749
67.4714358247061
70.10540311716925
63.1820600562048
64.53680316362059
69.98142492611048
67.42653722174491
66.72294183175555
65.56270464764899
66.95184617470672
76.2880009449968
64.12921877126784
53.82967670826962
67.2712822811339
66.52862817529125
69.90489438390995
62.87139956657368
76.76090212670871
69.85459956490264
64.7607939435715
64.35025337378444
67.71816118614795
69.97894322687685
65.71586027546145
64.80499837801794
70.18006672323818
71.53410091684137
67.49063417944691
68.29576418360412
69.95207533741407
74.16204679580764
69.76123034850515
67.52775974877318
65.14554875771837
63.86745060046096
67.60432056336455
65.48589801368831
68.5851242426092
63.631956581985015
67.15069181486484
67.31919192945865
64.60593600663732
63.53528889146259
64.3418241241811
66.61786267920765
64.90490469974998
67.73202540456423
65.5851939579088
65.18648379242741
73.16755562888657
69.8784968880235
68.50167322616076
68.2953896300484
71.63272750952636
67.91424232374739
65.94368990366326
57.29256558429559
69.31253381962878
65.62073770995764
68.78421076297492
62.807831666231195
67.29864975757789
67.02586571962706
69.8344189087614
68.15248885160797
66.9865779240225
67.6501766068959
65.96890502380188
58.27362040373872
72.46200965403659
68.08536947901436
70.80302946702565
64.1311446018166
70.19504726281812
66.06647087628792
65.67304884698127
67.71013129780091
65.58217693611913
63.18808584498998
65.13417803663798
65.69614621742717
64.83232662220566
72.07723684127296
77.24349744616629
66.61343555310202
55.561315364128866
64.72509103744041
64.8484886073841
68.43935862727237
66.65679675023719
66.72396826913513
68.67802353676205
72.30425261452083
65.33780418275886
67.02584597818466
68.15365981138231
67.66325499503664
82.78530702611663
67.3740068588416
63.49494835127028
61.008903622074754
56.958425830103465
64.25415693095574
63.233404099915894
78.30264956477626
66.87641431724458
63.07629365660098
73.11780111461461
61.1301554263651
60.86353393665707
62.12010638932267
63.115395607432575
62.94367010725194
65.96143106305033
68.59099810790975
62.87251896816717
61.47867568496204
70.70191471191042
65.16745619074696
66.49695051388876
63.719338216314455
70.3138052862647
60.80219706346296
69.43119733299554
62.91729432420729
71.35512012588013
64.69665260549243
69.24058961774519
64.66219060358688
66.57425343179935
65.05899030974057
71.29340136747494
77.94513029800903
67.40951900660339
70.35758360038706
64.66162111232282
57.496581246824014
63.825275524361565
67.05510362297984
70.57651052270803
59.4960401851721
69.25355423553299
53.942215518036996
67.82798953686303
66.67334737072825
66.4118825663478
90.74228683021849
73.5855608561361
73.70044160661855
68.04338693823905
56.383640991216836
65.81364718995658
62.595582798323456
66.20678999119326
69.54048640681519
69.53560122139996
67.39379242245008
66.48294192075457
59.26070511490924
66.62445457429533
63.39450867254054
63.23529338523854
68.96114303777526
69.59366852974965
67.12705698448883
67.18235350961257
61.90656978915113
69.27759607074749
69.27508133833919
64.31735112449097
66.43136043977435
69.82586818261979
70.79139510291657
64.14171801156785
69.73468814112206
62.953907544652004
64.88649926398269
57.651441409573465
71.32938199397933
68.6060403644118
67.82514095121428
67.52447356662296
63.329839858055536
63.686110993422815
61.18089095642192
67.48183651174047
67.3131128384017
64.15572281962687
70.25638706250452
65.46035134424852
67.45644969774834
64.93021185206847
70.66184590855008
65.20653567635706
62.41590871956619
65.19420711257892
80.05247910250598
68.32303637683599
67.80303281821065
63.357648041502536
68.18363796588288
66.77216766112944
70.84040902707007
70.7244858411676
58.89719984720466
63.781074306733466
77.14670711849625
66.33273851093502
66.08779086921218
65.68436767170368
69.51408751169883
52.46733617105012
66.0886652556764
66.77462914467077
64.22625413694105
66.79964090454223
70.35270844923996
68.2783914106833
69.26139897439141
69.17063102971062
66.54124123266877
68.06935647611543
60.15169867546296
65.3875220036933
66.85821122573098
65.05509865810878
68.76384112908595
66.28256211754332
68.69727075408206
69.31938662345011
53.00279928330416
69.05080789375623
53.11733217926085
67.55227368253553
67.64731542201035
68.87377505780216
66.11681499518735
68.01013481195632
76.0598707409601
67.07731371553453
66.79368530693122
66.79803540822587
68.35109797144386
68.68416102460404
69.15091249761862
66.32548636089024
67.11209439708504
65.94768828337997
74.47970276785084
64.71231880450993
66.37929129280114
67.57464133932208
64.54770625446521
68.68626714712805
65.30917444001197
66.45538038632976
61.881575707161076
71.14460452521516
68.39295112921654
61.122345341530966
62.56904489837392
61.53841502107405
72.71348477124293
66.85405575897012
66.87533658977833
72.15922423019863
68.08524237095651
66.38280010016739
66.17822826386767
66.4496404856658
65.47310300627078
70.25254240283022
74.89482507367666
67.38567084813994
70.40128782901066
67.24539802313409
68.15743998567118
66.54747223027479
64.66483546240272
64.5820452296702
68.93446666976726
65.19380927730865
54.749593740097986
66.79391580481773
68.79574814121565
68.37813402847766
75.02594737395371
64.20085029612676
62.80692269931175
70.51429048392136
73.21280339665783
70.97549460523118
64.81330774765104
65.07425882469498
65.90415816635289
66.99383385672111
69.09652961689487
65.11052932299131
65.69091648513897
61.68322185022244
71.17828987343627
64.89155077378464
70.30607331190751
66.79971648745202
66.84465530976397
63.895759138618494
61.5211619446497
67.7028366589695
67.76829147847386
70.55048776167243
65.50004791198525
69.82470873545579
67.85140749879432
76.16219476329599
66.27351003383683
72.45533023192007
68.0123341007533
71.81230693567704
67.8468007305525
64.37385458726303
63.503141632474424
67.04826410093348
65.41223115491185
70.95560024188133
66.05315350404473
76.49970129161734
68.68916176955018
66.7043478614133
80.45482626483003
66.50474664071832
73.32958762374066
66.63056821278082
56.345837366044414
70.25850928944622
71.01745638430634
69.22781482568399
65.44299058291466
67.1134047637986
68.9611017028616
73.13335105894566
57.37282261600292
73.0919129606947
68.35590560511571
76.73744958855845
67.91330779226973
66.4489202742923
65.53081533737068
61.87354725066708
64.00867283138373
68.14678635683508
67.67562996569605
70.9021542272051
71.14782245298574
67.21002894605388
66.9522442204995
71.42415237459915
68.81399927815161
66.64450285335582
59.74786511873482
67.70964178406184
70.34155832738159
65.82497872174483
69.76942604156618
66.97512617553804
68.05188342644878
68.41981789774294
67.55367805741527
64.43647742863435
75.66146238736428
63.51116575345353
59.16343380064505
59.48884205196935
67.68588215382617
64.73796672914854
67.18467361740959
69.847083941559
70.42794427896733
70.55465478462327
71.22120918759978
64.69095814557441
65.02641708743141
68.50428664206676
67.1410580094321
67.53146387002982
61.544658090237704
71.45616624820279
67.33936513033322
68.59959713304384
66.34664149799373
61.32304023438645
63.019515521228726
72.20808692776271
64.06129354959575
59.53440551250828
80.08587137800873
68.72591237035418
67.52949786309213
66.34587760805782
66.47687996676945
66.094302193642
67.97662463149948
62.970692091328054
68.69259201016223
70.39210519858902
64.90727958937676
54.1229951356252
65.99750544300298
68.51599502212078
63.430018053532564
65.32528570779839
68.51994253857451
72.48957343886015
69.27870475378646
67.29718300703931
66.41348686793893
69.73866987107922
68.3252119271735
62.95867476609475
74.62938223684897
61.30228712827831
65.14732684725267
64.52794673029696
66.60491888992455
74.3502529192689
69.41330913732467
66.86914115350201
63.18132243732373
72.46843980940871
64.56242744360449
73.48831685387918
70.37407806720478
69.20255264985576
70.22639922406341
68.25896406198879
61.78895038502581
73.60998513092544
71.21561729309312
68.72125091813494
71.01191640751307
63.288719610310984
66.35845835707092
65.50770690857833
59.74656467711103
71.6715863037045
75.89911388017377
63.9699351696617
64.25712334816805
69.1411897558468
65.35053890710896
64.90509402447476
65.95359847419691
68.0640263757609
64.04692854074172
68.19656317791652
67.16611370698445
64.49882420034746
68.71390074417117
67.13517832830871
68.78003904139311
70.27463208159058
55.94540310835909
71.05525667926118
60.907832149864916
66.29157318988705
61.608128276323114
58.24897247094164
66.62680347001961
64.38550827461964
50.5267149653829
53.565781250199464
62.72521148499907
75.2847339209496
63.36672979227352
68.26397894503566
69.60315206746563
67.87215935103266
79.64246273124398
66.59918776857003
65.20565648048428
59.62912676357933
67.91872731446259
64.78105110295618
59.11164223903407
58.944208798408724
68.32457407390636
62.668715142117875
63.507650884299295
70.79034285965338
66.41540933516286
71.04538056923317
57.240597350867894
66.74738336980538
66.62716796550225
65.46681733271191
64.36787871694877
65.35095992541297
61.37563896574649
60.25309628000855
67.51949494850629
66.29638843882178
66.88527500411783
60.60918443499196
68.83864934876732
62.7655616410317
66.1373630199283
72.06667802695738
68.53168087985259
61.83442721625522
65.07011246312976
65.9205104777859
73.28885049193819
66.51526572607594
76.04558701581348
72.00181715172462
73.35603201601391
65.72625407853585
65.76891420806598
71.50394550913241
64.32795744582727
69.18318544507939
64.74435453595765
61.0002211552774
68.4032101396844
69.85723876454185
63.60904742434781
60.49863755863828
52.98485254922585
66.31259596148062
50.24271238887154
62.436078443732214
71.78487943366471
66.17624290642573
62.783218408133315
66.48040739645555
55.93381213690281
66.92132952643935
66.14868113590616
67.33129755806453
65.6862733833219
70.74982316784484
69.01995760849677
68.69099894671167
70.79387442374572
71.87463311062182
77.29167281073985
69.44027456857275
72.15111969892988
63.905103779246915
65.92486921600779
58.93438127077402
77.52045669351331
69.0707567345725
63.89096193858917
68.57844764708997
62.060937642566145
71.6231718368337
61.23067821425434
62.18236514276543
69.82527220776811
69.4424491579653
68.82536888878548
60.160847913908135
60.21019743103526
64.80142390559969
69.87454973766448
71.52506231312363
69.18501252326112
63.325722590566784
76.01593751011036
60.56027740313096
67.4233521620826
71.6871401230667
65.92625730026639
67.38394809972331
67.34400781353231
61.91039937247974
63.52842585134941
67.76300508864075
66.59339829091671
70.43186346881336
70.75530126925204
71.5194426808787
64.73051018825117
67.5557265112823
66.22102183640838
65.33243651192974
68.03905139929458
66.61681679309751
70.21710572710947
60.004096327340505
65.01727631777352
69.46467476840209
66.78926684883261
69.53085514847766
70.01449892677623
63.87995536228319
68.37195801814292
67.9878927470463
62.77592391987258
58.77774543095167
64.17192094057415
67.10117676066433
77.90511115902481
64.11029814509189
67.29679611215091
68.68518573370089
72.88861281746327
67.70345255154284
60.232692382874745
68.03070508921448
66.77696258553804
70.17227419338717
61.34389566686525
66.43595177008459
66.66548624838283
61.57153639161923
63.09904397215886
66.05573586178505
66.15394456608968
64.99844110726019
66.8068697539021
58.85379892916471
61.990509371571896
70.40049466355073
67.46864108798604
71.81427013695705
68.37676702616805
68.22378078984333
67.12199167587285
58.5893950640312
67.80794596155945
62.87576530654813
58.41853864106842
74.09637774997373
69.68552474671749
64.07254176324854
67.11409024524595
68.46694464373651
65.39896276963199
65.96622081686931
67.06829273563953
67.204314317349
68.34112442204356
66.1244664743268
64.29593236309829
67.54823516264608
60.320509853883365
68.56953567532956
58.71608224040729
68.93855677896958
67.25650058296996
66.12001619156905
60.95293453715476
57.72410063913114
66.77094759967795
75.16198572887507
68.45105213538547
70.25097465306764
62.875949327580685
66.02624289684927
73.34650112802007
58.89513192697111
58.87231142783352
66.52380223185861
68.20987564439879
62.63787292957872
59.058179284421385
65.99394276686853
75.73482776172946
68.46376471821894
61.27175205803512
65.99166386786426
67.20890310405642
64.75589580444431
69.04901844175231
67.62455149300936
58.038143896813345
73.71802670821909
69.07381035782599
66.44855143849541
70.39493733828404
64.12343227156795
62.81740524866373
68.2266643701368
66.28553170002404
66.41144039322286
61.780226755987044
66.65202523503216
65.19780770511312
66.1866701292686
59.727379832275645
65.55143716104935
71.87914985226632
70.19359212386212
68.46646162390195
71.42463614226767
62.49368577226006
66.99319209395522
66.87127888403609
58.286363313194265
67.40377435681229
66.8338787194424
66.54744856047012
64.3459937348567
66.6366818593708
67.38399927465983
66.35278956431087
70.57601497183673
64.95715998820492
65.40792577647645
65.05083017601973
63.36242514523657
66.07255716844082
61.72853579443354
67.74526030612654
62.10942901252701
68.33579896292483
70.94569900855227
69.26527091247789
64.71568466997269
64.49240615940067
60.659220600321035
67.76488107735022
57.629672307190305
66.93571799688019
65.19811310967708
68.64094222949892
75.2691777119499
74.76355772614413
68.94103140355327
67.7740358419548
70.49881020708895
72.93317447357799
67.27745498300173
66.60675476374179
65.96151368081917
69.29346958754704
74.92368607159725
68.17470148283901
67.1361227415627
65.92635204213833
73.98371665177599
59.331304014638
65.66807699685633
66.6129178972924
61.98947251623327
64.24039803144122
62.887228988092005
70.64861374640917
58.93378673721616
59.558266855841374
65.4143339849438
53.57787869999622
67.1392357565408
63.56062731741805
68.87322903746264
73.2005483705165
63.75644678092035
67.85919161778212
57.87966164264204
65.01552293747372
64.64944834610144
65.37812544733472
67.30300073655266
69.77190876905932
70.09560731252944
70.45644872680313
68.24732880051059
66.86451029414513
66.28116979388996
64.92737351452212
66.83099003543772
66.06133015807265
65.45883626667423
62.68960982626415
64.12434864554382
73.51041908532463
62.50400826989814
68.01891189276746
68.08525605467824
63.03062998587808
67.7535068100673
65.77594935217975
66.95724387165941
72.96264116205914
66.688348127724
63.80194113246727
65.40063349745013
69.09993238971305
67.48188523918782
66.68284363415461
62.219983500177335
66.13075075556945
69.47072150616015
66.14269029829259
71.10723706299095
71.42163499852101
68.44804794252333
66.86139117751412
69.95491180732195
67.54761611592315
69.83165053134807
64.48481591916814
58.10303726431559
67.48620788417777
64.46786741791065
69.61290561075488
68.11329216305467
61.99637568414417
63.92818361968162
66.97192448946947
67.6095640512906
66.94276457262409
63.25262514914646
67.69812622211997
67.53336705334651
66.93204324748363
65.2668520140552
63.360133504777345
73.47794299527533
62.179571341434944
63.49566862758458
67.06033688900071
65.93495581101509
68.43682260763902
65.12502359289674
64.27185621961868
70.6078326901176
61.27070367562352
69.98112380388386
63.70783381943215
64.14783819781856
66.92717297551475
69.90924633778883
67.79006478884718
64.50036840832256
69.23660026328164
59.957778019127126
66.90889105375538
66.17214252437408
71.67825658872579
75.93136883495782
63.80815194651556
68.86719895859972
60.9447042977677
84.36387898566893
66.49950221106297
77.75786665268855
68.31271092972298
65.08091515048928
98.68808670201403
60.1922913758237
71.16726184975033
65.33814882071212
58.77968814534688
71.78797571048649
65.66598711895313
68.67037474170641
67.55800830315053
72.22718642479379
64.12502129290745
67.45597994760429
66.14733252504007
65.22414371694482
72.16591969200115
68.15230246676433
65.11783050550767
65.76091941235774
68.80631174352705
67.56589660814971
66.36610537052798
71.93726906856429
64.4972095390213
68.04486145198271
66.1988632788619
47.20278499556416
64.19552464630723
69.18828874409503
61.240455206282846
67.59989319861641
56.15507666012288
67.5172900961283
72.48365378018518
66.3269069740344
67.52858081757253
71.23182499552557
64.810025040793
66.03714879081885
75.98686458035232
62.84983873973098
70.16302706164369
68.12903924721834
66.61812233146192
70.31686418042219
67.15252798757002
74.9482076214472
69.9951783940711
68.62203525942336
64.10136138471275
68.13241021471985
65.47368947662224
68.10857533764901
71.48798944593501
68.09427550010469
72.13861166737792
66.99484204106697
67.42026381643564
67.23126477673468
67.1050715083599
72.49695810328976
63.8844917504406
54.40804586938188
62.89001026355329
69.88880602729712
61.54518042036158
68.49462073810906
64.60386086793073
64.37945885346264
65.29200027932045
59.28482603771944
62.53564201771545
59.99375784857011
67.84018949127278
64.81670893451668
66.15165415119968
62.53053964383673
77.77183186177635
72.59179764210066
69.78776511824485
70.14394452478376
66.50073743167441
66.56347383330787
64.97044347544694
65.73180471289228
67.98798692134298
73.48757466102514
66.57877300564863
67.74110682447173
73.48074390626668
68.6216953287587
64.13192588023004
69.5782723736084
64.28496059197305
67.93787062733216
66.57217869531881
66.88698027620863
69.7475365830402
66.1974744468148
60.20085411055755
76.82623555008719