64.80529291844316
65.73419369439354
64.61071505113316
61.45227310991746
65.42400969175793
62.613181980915456
67.1441501069186
59.69384396118751
59.80029690682911
52.93191974292519
66.53653457924845
73.55567279126012
63.994256672154116
63.5023485555154
65.59619113777818
66.2045606522031
67.68972201860765
62.67569367667183
68.75516993213587
56.01674426161601
60.587890459341665
64.774663941779
69.22755079367252
64.73909691013618
64.85918006677106
65.56412948512659
65.49998161884781
70.83746890156331
61.83955232580107
59.153391752099616
73.15297074930666
62.435072442545916
68.61205382719842
63.03248045697581
61.512124462179486
62.331384768429096
63.738447800843474
64.10546073517723
69.06467031119551
65.41725322863942
53.2025558657124
68.74444264540065
65.37160828458451
64.9918781638787
68.979676263918
63.67182118378745
63.41580416179625
72.60242867472648
73.39467586300476
65.05235745775641
55.887873047764444
66.94038445005276
60.199656410872834
66.9841360337042
70.0567957509429
65.59540564266844
63.976735735558876
62.67360907706938
66.40400188791251
60.93749669817299
67.16217087521233
65.07693800407515
66.04196352020752
60.16764580999691
75.33362824300319
65.73140613239175
65.39511808537766
65.33398651068553
70.68859335716249
66.97511842172135
67.01077734399728
63.65203984350216
64.52059188722372
63.34978097483612
66.28388263690286
65.23142680831266
68.5969122256006
63.77393255836833
65.40825375586527
64.14642171274438
62.41104321018043
61.616720836003836
63.70446522165629
60.89604631270471
66.04430255974346
60.8743769665481
66.20884659843766
57.23504700413189
74.20698276247597
65.73491836519229
56.04133447753891
62.73983123759293
67.60544896566519
67.82440658619954
63.350508970735326
65.44933667592336
65.80688777393603
62.684856701879795
67.26520983328999
62.5853112792327
64.32906767659149
63.98549355677374
65.62743500411757
67.25401701448601
61.18819654330518
52.28415632938534
60.66512130185593
47.38060684586037
82.37551398895162
62.727767065244244
68.66563766376392
65.60815918156388
75.85719673134254
62.73782015392416
62.24435824118297
67.4444450916651
67.04662591402119
70.0491238787516
62.35268862693056
68.92889053135
64.7433271847913
53.305858477703
70.35842902233546
57.60391334247494
60.28130699477193
62.92169735463878
67.34415420351125
62.2933083324085
68.50802927255096
60.50753074856595
62.262510176192556
64.00153214699533
64.2715543790656
56.777169269636396
64.7197667051007
65.56270875160445
52.220439245262384
63.352423715190234
77.2585326841632
62.7733385985992
63.627927619793475
65.21787878175374
67.63333581905346
65.42290270496743
66.86839866116367
64.97575061213102
66.22164210636807
64.27508899328608
60.69285150616749
64.65812833681862
65.3480403813688
70.64290456424193
59.52879184130905
62.681839459173396
64.81613834290017
67.0580795211954
72.14281220354007
66.16646969308701
69.59159104877835
61.93530416242981
67.24340364245846
61.254019891262004
63.93733496204833
62.138287800775196
60.156815332499605
66.64124790119008
65.73472032098805
70.30533147622437
67.58162675742263
64.45176505566687
69.60832463909068
64.6551393024665
65.04283719025966
50.94902376841206
63.60823643217285
63.408086159597296
65.23849185309088
64.0490659018068
65.58253947476408
59.35030906103482
65.0364219252661
63.896562969746824
69.16727565032825
66.34806763416057
70.11855497259718
62.082380514023384
65.85409672789974
68.14852481141327
59.7874765699748
69.28104750834395
62.21337221597188
64.90675477276727
65.22647221294469
62.707008817955554
58.095673762250634
67.41971904852983
64.29980510045968
63.74295556236066
67.01332325524915
64.85451891683353
58.97415040952184
65.89291277602533
65.29358597655066
71.19169029957413
57.095598656575014
63.8822574000814
65.01859382501107
62.21103942324257
59.54873788316967
63.09627025210435
44.18561003942205
64.56733428199541
56.97735310678142
64.38617818215347
78.86831071252797
64.86814899323453
65.08013420783082
62.15870299738431
64.77130147138084
68.2223463359052
75.4205967991656
77.37499791040838
68.06899473968464
66.25736439193614
64.88322646504385
66.75313947558632
62.517365898234864
66.39948950634505
64.03253312573902
66.18292797150848
64.08360824676241
64.85580656875278
63.53514717618772
66.55996935261128
62.95890312851763
67.3520918612871
67.2174185781852
60.081762905073646
58.07292214476595
68.41391206823454
67.9318026427334
65.53947774211844
57.805572788366476
64.7358751729385
59.16071639829683
62.750644277211464
63.42091579021306
60.39835813916985
64.10545534193098
69.74681992008689
77.29575451680725
74.86377834315573
59.46932978287709
65.36234295031196
66.43302421470382
64.40328268703706
65.88596003402809
60.35704622802804
62.76334363075397
64.3352480660267
69.67493078645506
67.25529706261436
58.60258275738045
70.68352160897064
67.56337315309773
61.54410656003872
66.23887992027821
65.45504911482699
67.34613643971163
57.607577644969254
65.97744403652993
63.641132649315225
62.96106279917516
61.96982302303036
70.22114148002635
50.67266386402026
59.48755699992845
58.70890258953476
62.80703536371354
59.85951817477871
60.390588215432544
66.78008130659163
66.96801305267955
65.25063017534563
58.34476966638631
69.24989165564588
64.48674594751088
63.33165910043414
65.05485480554998
61.550521128361076
62.086311770857996
64.33429871608364
64.84617257046675
78.46724078626069
63.27354063314641
64.60998598405487
61.46592916774731
62.62041170801554
67.42197103266705
62.110456262529596
59.784973814058766
64.35937919738288
67.75872522779586
69.49978814862405
64.38619903019946
63.992710432006135
58.690786775010444
69.1194614230503
61.68376153131518
68.64127745109955
61.29428776655546
60.84757456072481
72.13614280207229
64.92514897889868
63.60740252743857
55.295213102110715
59.74391285666461
65.34854979145356
62.34866345652976
65.59123221321839
65.10802325053852
61.83209845483096
64.23342027036736
67.61644329390761
68.90502444635507
63.07153628239257
65.57164020702702
63.22634063158012
65.63959319062742
61.547416169713735
63.56676614229247
63.87070350617258
53.13245893040561
65.50943463555214
69.28101547490209
59.74328160857412
69.05459728305347
64.73260550009458
52.950264224871844
60.916569009618094
62.46328217426251
71.77811844589482
70.02923571432957
64.64440236382133
63.452591405292864
66.43935518477421
71.52895546760625
64.1846272690182
67.03839714638332
63.79603965419281
72.85188425093449
62.600780438368105
67.3002374652485
65.43429074879738
63.535802224722595
61.729835494103
67.4589507697317
63.45653593341625
65.92808216978938
65.51237509650767
65.82190658008905
65.07628689719698
64.23924565013857
66.39082441083929
69.40457694679792
69.74191781730863
61.293128780523844
72.78281629716291
63.59340870936354
65.91159876273615
68.14396693905775
66.65723520223708
63.16484928651025
64.22271701254155
67.4416254751809
66.74278337408825
68.81755498991753
64.62741752140431
76.47290217785871
68.90076071533973
64.72261810512724
59.24186204193773
64.77168638120203
68.22157317856349
67.17014804041982
61.67809520174472
72.1626640394055
62.116733966409775
65.93424920529776
62.1655267204017
62.47044964243964
66.01807278348357
53.85562891635656
66.90503033110858
61.96535404543591
65.28785376728936
65.14140405582987
62.59885454803747
72.55670178041171
68.2012272310927
65.47260521940869
69.56271718690256
65.34293470866292
64.07308946431804
63.29544285084265
64.62516908725921
64.17764778646072
68.54057374023775
56.3254216326124
61.79857673186621
62.14599443675558
76.8923558864419
69.40490631092318
63.365891348980476
65.66111305295152
64.47729814888098
59.94202652878295
64.27378929364134
68.51324224067145
63.808861466311015
59.742439758669356
64.09989175574206
66.15109081825537
61.18360664296905
64.46528976978495
66.58130469499895
66.0964932337743
60.014448356259585
60.135366588432156
70.92741314069254
61.49313758755424
73.38580108175276
63.95193729743535
69.20374742231078
63.965235058904405
59.02483148043243
66.97596589485508
65.69433812747843
66.1928147424397
63.18338347337661
67.29912980630024
62.4972785844031
61.804121349469376
64.70073453061397
63.280764760707626
59.61794088577284
66.39854221896651
61.27946314956617
64.18893778421356
66.84285388488223
66.12843823425608
64.81580205698488
63.71476768124554
67.73683772753624
67.71191654422678
60.750606757618115
68.31266899249012
67.14302786422033
66.8072390594491
70.39892785497644
66.84682990769416
67.50175020629689
59.18829465119612
68.2665159477242
64.13508809264032
64.76054906427122
68.24651623495464
68.6619087052872
76.43847223953205
65.47668768674043
66.19575235493292
68.0901402934672
80.01890036104164
59.4574977298433
63.97928967135295
65.0012883541781
60.136911666405105
60.770756149340556
66.1762427933536
67.09439602689892
64.998627101342
61.56163447752523
67.05872462418996
60.93681030283995
68.22385766481874
75.61840788527661
65.69875970839144
62.57014994043576
67.39568707470492
63.951863944932796
64.18825207146277
66.69470654779224
57.0562464686882
67.877504303664
63.17033607016204
63.67255660119216
66.15730075154939
65.10097193661213
64.58699142868619
62.736713799834
69.10521926604733
63.747796313375765
56.86108935118903
64.26422330187356
67.62344219691403
62.75041655007121
66.16626011996232
68.01752479022106
70.34481739415708
63.58656712419124
64.59330794122067
61.73116212938391
62.712059768859405
65.28246050589402
76.70040393951547
63.17967139312849
64.63819419009606
60.18655809016434
65.56550513323296
67.77586506938476
65.10803113067385
55.65203012347096
57.44332896860365
64.18881050959322
59.014266799571125
69.09293180916181
73.7131069041862
66.02689339341528
69.3637545357154
67.46284460241495
66.25191351218857
59.02706664039407
63.85203774413266
65.58608717518695
66.58695302154331
62.994022509419814
65.7554521214094
66.64773630433048
65.31401093655172
71.36574834791756
64.21204340432301
62.23778472631312
61.92386116782173
64.56847621392022
65.7509602391336
65.84724772232227
60.98330432103823
59.903337192325274
71.26387177372665
80.9782788343918
72.05689233354387
62.308230704476124
60.7125735781386
62.444739587569174
66.30438330973064
69.66449457394116
63.436866766708675
66.59086603140001
67.26732792231444
79.40846616220308
65.02435519031133
63.38666445230299
65.22278267582298
61.867598693557966
64.48388410170212
64.96109534438506
60.84408817632898
67.581214582671
72.15304595638888
65.86316843807934
68.14637138032869
64.8545307520946
59.846123145716604
62.73551150254962
71.18648642878541
64.94072140124058
69.03511249460972
64.68615444685511
64.88161398799431
66.85089505590824
65.9127091194782
60.40524302660255
65.27464835967041
59.55215682772565
68.29019290972248
67.02829286234908
65.33795662939008
69.8792108478701
68.9871732915468
69.40129042574365
65.72561328845264
64.21456927432445
71.7019723858216
67.96070832598252
74.59343915141307
64.57707838361696
62.200490940674875
67.71193174326866
68.71657101231492
63.895161851888375
64.0535489030618
67.84591615548344
63.81283033351041
66.50260938326637
65.70020241307398
57.903596251387555
65.01588779621397
62.83034320866418
61.897404691594645
62.97787428917427
64.74245293604403
58.491173528726286
64.75253213345968
66.2495026640568
63.56579836444878
63.66690731372798
60.99337586594794
59.94872955870406
64.79708361134281
63.22654053908515
64.29075260648109
49.892304122113565
62.50344554495962
49.20808219296123
64.74073098579255
64.10701889244937
64.41569182836878
63.47368799994554
61.97424810744528
63.869306274985036
62.81167772180117
65.32021493007085
70.6193278972098
65.22559287513376
65.38567104890433
60.07958002600327
69.94903462015888
61.32179627009013
66.102032485341
62.02240332211747
71.66340436777065
64.34475495145138
67.97500415973643
66.24269132184448
65.3022343569605
63.438136159378814
70.27540023255996
63.000766884008186
61.32773984919473
63.94099650304836
67.07812938439488
68.45393520661575
64.84590377274137
71.2755736258753
66.5452268960894
78.81723062066555
65.5532855676695
62.29736294963957
61.31271295772358
64.10612996416488
64.64560176627357
66.72723237667127
67.16023396790035
63.39112552251288
62.2319116089553
68.74096379595558
64.15194289678016
67.27745403266101
72.75260058993005
61.266102900274
66.03845618064413
71.40988697800921
62.640157893973466
63.47386858226821
64.06727438162237
64.67193679828834
63.88516864030985
67.00273342466159
65.55572787223679
61.64505612750879
66.880108674557
65.37027446668297
65.72941247239223
60.57683763971068
64.65711763653245
61.63361997061392
65.65004170149152
73.59008074227735
59.71917295889305
69.68729728072698
64.53664825779872
70.12954527239991
71.27950026623678
66.31537983688362
69.47969833706561
60.881982579823855
65.40116305740271
69.60272659173779
64.02128088886091
66.82829486863295
63.01743965107988
64.32821163237301
74.59651085923397
64.56664494679937
61.11167828916401
69.31648473921689
63.34677224077707
66.26138918278903
64.96050089625128
69.19216660624124
63.0521085655661
56.63716696019864
66.38227953620338
54.40811511170541
63.05747103334696
60.55481462571869
63.8859935572259
63.411612600936934
64.54169561110767
56.59100959214482
66.57824606826685
65.3406382194981
70.3210477562472
72.97162382957177
67.73349103715998
63.265649984664336
63.64844150099933
67.64443470660868
61.45364470136687
51.09925250508454
65.27072439061715
61.035761503243144
66.11439071340612
65.82317037220852
77.55866734361649
61.571629328076504
64.20361694934789
54.836322484335696
68.45945880380526
58.70611283937279
55.02045616247121
69.73993987417393
66.3813953727386
63.710921606348904
64.38889874835725
68.20295459596116
62.27367790491724
60.006164703335116
70.18296854793707
64.2800985013539
63.36285759255965
73.81475616283461
66.06411193992066
59.38389166554254
63.66583654645999
66.54179960529243
67.71603796564675
57.57749627342553
61.173579621305414
61.52860656873791
62.09264975992606
65.27608172990679
64.09575249538328
59.336994166568175
66.72622822903666
68.88873947918695
64.34005558586932
67.25871386899384
64.3512322273609
70.58195851401362
67.17328448614381
66.65909082988934
65.78392037450294
67.71003981188409
64.80550983222948
60.814351939341435
67.2025745609577
64.85268170782271
71.16102610246415
63.12384354055378
63.32028156225795
69.47507930119829
69.80196425659804
69.97321770489926
65.40887526264001
63.979411342365694
62.525885437537525
61.60422308944949
68.51691095417723
63.011938484291086
64.76601186019177
71.23501862152992
64.43645701602297
69.30435576947383
63.4313219729894
68.10818917039558
64.01770538401175
70.59650618939456
69.62938856787234
73.25562767158945
69.61703364653543
49.02904376515151
51.53576950674538
75.48409679518292
66.07072581575163
73.434310635092
62.38218274856499
62.81460784695476
69.25814204266526
64.91326966374177
62.094104715907164
61.596510570630755
64.98069156290944
69.22961498307738
63.244183558722966
70.27921350013571
67.6047714903499
61.18085097528963
60.613527649958854
64.83239672156586
65.38991355797457
67.72656432580189
73.63509430567096
65.17082570973187
64.52688577304296
71.44399394646744
55.14071069606837
55.31295811643112
60.90422328558347
68.49086678035515
66.20033567093232
65.78970041910553
65.06771885410329
61.34002161388455
64.85475944630623
61.62839026794975
65.03315827769538
58.939703063590194
62.230848344170944
61.92952620687597
68.32697270724533
64.72456391444138
64.41887026890517
68.74150665618639
69.82329383422896
69.39775313340151
65.58228136883145
65.59571799013435
72.07826720987909
66.46107231779165
63.62150167190814
63.167349028838686
64.64582217000861
63.90017393330774
63.40704865186703
65.83260664698474
64.86309537160226
67.62892153336824
64.10659122632704
63.84040744093099
66.69786705776045
57.84945769713836
63.835363307973594
62.186587957835336
67.69061765141288
65.80281612585767
64.99916253182083
66.87117790634842
59.34713927471429
63.561723024249034
66.10917976652175
67.717413558248
65.80192404755076
67.95770387849387
65.8102657014297
62.6228031162204
61.19789952169512
66.9912941949236
62.87838940309681
69.62826203270284
63.75306411019592
58.74094226980292
67.83261541620723
47.99839815424088
65.1203354441515
67.18187171537927
62.00831234615193
63.23955766568567
65.54684024814787
69.86827061837285
67.13512672572156
70.59441092063454
55.56948840655338
70.2229061194696
64.02941911261452
69.6109039917252
47.775083285805444
66.32456682260113
72.24161759596805
71.85174969578708
60.89116573558484
66.1870107352211
65.26256810774977
64.49815804083794
61.77755993796549
66.45063933023373
65.00282644847401
67.2748987771507
63.676333153517724
67.55721929452257
67.89273202410801
65.43894904418968
66.90986145455248
64.4966996178446
57.916584021708736
65.39688962698196
70.61573596123681
70.90338671390757
65.38586640399676
64.26926175122442
67.92208915574264
62.4183826595013
63.6399633688407
68.07928478544197
56.53044207981019
64.92190190613078
66.96441102726679
65.58438407119007
70.5262442825097
64.0883755956612
51.55664048150918
66.63221208576924
65.00650447324048
73.1899341990623
64.05839542600944
66.6660717833258
68.86194909197418
65.91205437441458
63.379203750647115
68.31724442631041
67.1996492687973
71.97532758080563
73.05119389783437
69.15269992758856
67.5861943148187
63.23435133022242
64.10371148207972
62.19967209532965
67.08220326930552
64.62395811893025
64.98328863380841
66.65239543976429
65.92938714678297
65.02714362618147
63.18598918359558
63.79132846257098
63.413981237718
62.798022453930805
69.02166069873765
64.05958077063482
65.23824286479474
63.298304979830654
66.87521854625318
69.48719365049743
64.46337381656308
62.5613415932123
68.64882835596772
58.321953413741596
67.13764651563186
66.97930365667688
68.05527499480813
65.69937617817881
66.15002820631923
71.49824641695767
65.99706841652421
66.3614668507212
56.75620180426387
64.04906986671504
63.578442756021936
64.23032216755976
69.50981321742398
61.50510533233106
64.17268166997124
63.87190648965281
67.15126452600994
61.99402532240469
64.83390726873856
62.61560298110908
64.25019657551049
60.96618192032177
67.60527721712742
61.04060438910074
59.81091780726928
64.7050899942563
66.88198722271244
63.32150352830257
67.36430710160455
66.41684432109616
67.35118065464253
64.48822411726492
59.58319006489197
67.67277644825332
58.874685627818465
66.51554241290503
62.045997673467674
76.03691757959183
65.19420751906037
63.18191237907588
64.90130114235804
63.500830098247455
69.88985738304687
61.48359254435848
61.551332204610944
63.29624953258689
69.42470292111112
69.75081277286861
64.37965060568308
87.99848192189282
64.77243920229591
65.96854646896176
77.71977177945836
63.84629172750256
66.00104136397498
63.67692195652591
59.17068745068597
57.86261837148694
63.55210711859975
67.30828478958894
58.78509091215088
66.7161039150811
73.21991581222325
55.43095614166581
67.5920031688526
60.13785059026511
68.9855310031416
64.69531504671583
64.44450598932073
62.168478253108134
64.7319550934425
51.01192936098158
64.85206718546237
63.91454587243698
60.488294568185374
64.35945626654933
64.43649930997628
66.09851530921348
69.54727755230468
65.3990675965168
61.3705536528023
64.75498804614972
64.6040429779529
63.34146800541744
65.77047652490484
67.75821639173292
65.24147272325807
63.648960362721105
67.08087828611286
65.96001472529937
66.02915566405848
64.8061049268923
63.58704151712723
62.09720757081591
68.18770819382888
60.72886991925495
60.33327808895252
66.46495360995705
65.35326457897095
67.42293785495747
66.30387812210404
63.57061360658751
66.68989714059582
58.85685350151746
65.00396377828585
62.58397461423215
64.2981354186555
66.38144686803255
58.87695050090228
62.60665045016117
64.10831189277025
64.26721920163811
66.30545989929148
65.56362352796778
63.21492893118337
66.95947774678386
65.12157851877853
65.81357040225679
67.55705696217181
66.5485265307094
72.8747627219047
62.66904344492243
65.80854742180323
65.19224659153709
67.86839676361492
78.37515993412703
63.29413032902237
64.47097202478969
70.29415882372102
57.55292412194658
66.41769954224033
59.35414588132568
61.01505783049942
63.176745208002586
66.52236448919838
68.50747727557759
82.03076333221357
65.54329138829183
66.52522098581318
67.10189424474024
65.2539181320375
62.98294871616792
66.72400685387645
70.88851557999251
69.02219401504962
70.9800472954777
62.82138899843023
68.38705328316566
62.82523378748889
63.90724468304062
66.87338427403601
60.761075327402736
66.29136042647174
63.10458700172117
63.859117580704066
63.834252980100224
67.2067441018939
62.01814254103036
65.68678816381872
65.17397612627649
58.69803415233653
63.80072557902287
63.651182515428445
64.98480710349754
66.07606840477834
70.09501618137202
71.74601140344166
60.17091658216707
62.07210263129827
65.0990953754044
66.19760742635289
64.48075243359295
61.91299703957701
64.48301896908275
63.22266211926654
62.98475119597965
67.74473993303725
59.5818327209502
61.25487983823221
54.50067626600016
67.68891331492635
68.69352767978012
63.72816163081673
65.05238751745588
70.17729148474521
65.67544460555516
64.96416783197873
63.96687528939082
59.57315529848724
58.465877249612355
61.00750971330282
61.762345554017664
61.82447781097826
65.42725576920195
60.83624554712152
66.9141814510654
64.82397995353888
63.07140730973413
65.50867742902528
61.422636220048624
76.11373678512321
63.962197914897054
61.2715931572213
66.67774664514788
90.5865977868867
64.95409287372586
65.03821884742212
66.10101046522152
62.04674186878469
60.896985913611836
66.19775832141521
70.20296521627688
67.32937857271432
65.18046383610363
62.293976716432944
64.25083776105333
65.67902206085765
67.35485604570158
74.88267913034589
65.20114285014633
64.71708246229737
65.66917264382131
76.48718381670767
69.09260878424928
65.40865609924239
65.49776026284367
55.94057515183671
71.36987819621665
59.230449659390445
61.92040697497619
66.43442165628926
64.16423351159611
58.467484472661205
64.84407778370095
82.23854058679157
66.244055477135
66.82585546119248
64.76455292347075
61.68158426011055
66.33783816457542
60.85042248728235
70.17208742767058
60.18526153342234
66.13192638312374
64.5992096463228
64.61662333420561
66.14241235409094
64.8567670076904
70.77301445189977
61.898198930009016
63.464001499300736
70.38437924401504
67.08761526497615
58.62248570274815
65.340260551128
75.01700422134988
59.89424738807826
64.00236735669462
64.20401850557869
69.18148768315382
61.649606019647514
60.11713113056112
64.86114634803354
64.85813228262305
63.743220815299104
68.2644493805423
55.54570907089271
62.06458176249248
65.56226570229708
61.4185843661024
59.19012274202536
64.8698658415412
72.58800793520025
66.1571401003052
69.59926506033162
60.28949120109389
65.73245092247808
63.179743230115236
71.27760046996409
53.75578207336308
45.91194740067531
59.974243645323305
55.39965933525758
62.70295620381169
64.79956445352258
66.24543296032839
65.12606262230167
60.908251476683766
59.67825383841835
62.485304427452476
61.313181632546694
65.26725346143458
63.153225001508616
67.92625363055721
58.52165883774226
66.23241079917875
62.06544550696039
68.00477385129365
67.5429545657479
62.8706640556794
63.82719264538687
64.80104998253825
71.01387273161724
66.96515108628563
68.6037991510037
63.20804360904329
61.27150724377675
62.77249715874766
68.7539384789037
68.32239135604266
64.55040644905135
61.1751972733602
66.21548631942336
63.71380563291339
60.75072095207626
68.36322556506211
66.58157282545324
58.76873149622224
63.56101629601091
66.92946082896724
68.16801447466959
66.81464218127682
76.15992097239493
67.65203298997025
65.3313072182106
62.06814343048553
65.14013642473844
58.89099910960775
64.65406351359836
62.06710214978191
65.30769317859252
65.05310706580141
67.68015206216073
73.10589674275593
64.69313094925906
65.22546936045198
66.79373357486797
66.84203098340666
65.61933642108472
65.24834401434782
76.33402829327684
66.98847063301275
58.741767071392225
62.88518406473188
63.48757797899608
61.58254502186666
66.40787190256438
64.32721574836906
65.18179898848075
64.22630528534086
61.535632457530944
67.6828035711902
64.14796825970826
61.93898102939514
59.64929839248212
66.67144405209254
66.02496110388815
64.85397977453567
64.75193013691239
62.156066611833424
60.53718783835905
64.22443655035227
62.82914455643049
66.42226559510405
70.96275186475837
65.0239957264906
61.03372196063198
58.999853866957714
62.143289671124975
59.49102029520042
72.23510548213007
65.54465088865398
63.46506258538946
66.10259601304712
69.56404313842732
66.8013730416969
60.94354145927702
66.54438933990019
61.69709564699717
65.43393423517789
63.106377164273695
57.72592189961732
65.05558882518943
72.30107644024237
57.86250381956478
65.01029177378882
69.34201519268635
64.90402397599637
62.54003262123196
63.7269703903557
65.15869220421476
65.0936040566579
67.5219212918331
63.3476301758454
78.66775096531265
65.19833433552444
58.26923857212913
67.80129175701558
57.639465154840096
73.66667708670303
64.61390540156488
63.98242755715027
67.02056266797544
61.89542821592473
71.3910688076537
70.37057609469444
69.66105765508495
65.47337707609364
65.54244362469596
59.151720120581146
61.839746873283
65.9944429856707
65.4866086191624
64.77909815257256
57.48431576924982
63.001622762841514
63.326094001380746
68.04019905589104
63.7758133675571
69.29613662672925
66.7081877886248
54.15966526622975
65.80564692041528
70.20237374713268
66.4002846323732
65.51778729210623
66.68604483913897
61.83870536168163
64.77133441839614
62.895661090129224
59.756993450620385
65.25366311760347
65.26352144003086
63.451761040583726
66.57133985288772
73.4719348274853
65.02130095722403
64.48171839516716
64.17190783633016
64.52917963702588
61.1867258827117
52.64990342543422
64.53613325687506
64.21939348588971
68.2031378631145
68.3522641336727
62.14523651799433
65.17421315521298
61.50078378078183
68.65837980427409
68.856276632103
68.87446908117552
66.91681138683
62.804242307050835
62.094233945438695
56.29867465409826
67.323840400949
64.25137940515589
61.332733145265834
67.84570184693
72.1602087589135
76.63803344472039
78.08671172241428
65.64492656889306
57.4932577478951
70.585359576343
79.21339788313013
62.48900320385161
63.968530560466355
74.95342696666431
62.40391987647964
67.77644325392146
63.43333963991897
64.99496101991154
62.05251234981433
68.3672076723057
64.06304697713404
59.40747913014904
68.77390396867207
78.83667436133099
64.99239062534208
66.42433576305697
64.83086531991626
61.30713654441119
61.466364780008355
67.68354675936294
64.57663764729334
66.5530609078096
62.95778408508356
64.49794164172037
78.04337023165466
63.642220166735044
63.235137645306274
63.48878147359753
56.083243311356405
53.54593503972379
68.20348295693451
55.79901577590201
75.20171441860721
65.180662376757
64.8980572427134
65.3371841985788
62.800561839691056
66.17879211079457
65.35940912897088
62.453060190151994
56.9447855293779
62.3567672910956
67.2724101610636
64.94868216863055
64.50113667570004
66.92555137439432
56.60642098047043
42.18783413108234
64.02235856621405
65.01758461034002
64.57364311358708
70.28516748276029
66.45201330506718
74.86627704883176
65.19714800814612
60.695035789508566
63.11385927341577
66.62455180002652
65.24415383667018
60.25304338362211
66.3738117366847
67.30816392330763
66.81433708262675
68.9939010313799
73.65705715353012
67.0394327635641
62.66878754479066
68.4264761448191
53.79498667869106
66.61671902049653
58.94171114604739
64.68762500132381
62.547173860297825
62.83423179571156
63.28853307854392
65.74815674262942
62.897017492365784
66.05720495446214
66.15043330049022
65.8204074699182
64.98350409865678
70.40398755212178
64.98648696427067
58.22884803226636
65.18462235090401
63.133992339563804
63.14421382411338
65.13937337025943
63.210759635523246
63.65139347759201
59.952282465486505
59.24040588133027
59.721204502368636
55.581804846464514
63.309052173431105
64.56356448522189
59.713662226964104
68.02550752066196
64.40839068356833
60.775770855203554
66.15195121070273
61.585587720710926
67.36635208200173
62.757185659487725
61.32792892280696
56.8030746714772
74.32723812266195
64.39396061156803
64.62188495244312
68.24943154236152
65.16635649142297
72.76835265519573
68.56462102141506
61.877980831820324
67.66611997338312
66.6916816023227
59.191688634135645
57.194511038162446
65.61872582399056
65.18130478859565
66.97025655098216
63.71178340495616
62.827092941268226
67.14217429350718
66.04786507962511
66.36967887859126
64.56655530443679
65.626582912253
66.12325394729031
61.46086398864642
67.90687258126948
56.97191667423182
64.92142815311294
63.07056391896725
67.10720821469307
67.35132018132344
68.10677602670792
67.94282570698293
61.523023062620986
72.93936110841001
68.87458086628975
65.28724676569374
64.40684242179711
55.1127021020423
66.01226609692678
59.12363465055987
67.50068345778567
54.0006174125512
63.35115947648036
64.33832826777054
45.4175142265662
65.3254512884521
64.40595243427431
65.61408875105826
58.08334197688342
63.07596244357797
63.83809146541021
52.054133036433825
58.31472644991371
68.28719136926867
61.885989055944115
66.1235092631699
66.54886354355993
68.2871854693606
55.29179068165475
67.06249213183897
67.86641965151411
77.45747562803436
63.819894017379326
66.9206354025991
67.59885528398874
63.36614912708344
66.56833425660764
67.6833724804223
66.05690446327384
65.19802118427891