65.2245615784061
64.81350148960743
57.03016377278582
60.61193929809596
55.665612768134054
62.081097045994106
64.67379177712496
62.435231925619775
59.077546995266005
62.71163165608924
61.417399298098935
63.20972130786214
65.5478683387399
63.17192846633218
62.53906579924197
62.69857576090184
59.18103644124149
63.06107545043124
62.52401879464287
59.408764036879354
65.07113039966828
67.33744553882009
62.76000280102369
64.82839310569024
69.21880335380517
67.37519506362591
68.01921794360835
67.03586399890344
66.28702752899382
55.013186371365855
57.63593398239585
61.422248604028795
66.4262742624629
54.30794856892803
61.89494590159168
59.28529075093925
67.08809921868163
61.60119249935965
55.82051904378527
62.673261019174376
65.04889515070244
67.9391933927152
61.50745719875044
61.87865515390017
63.6211044123203
56.67609333306428
64.36514947435077
68.43264718043842
61.978722181606045
58.788754667433935
67.39087382483494
63.538851087427496
68.56096022213652
53.40829429417401
67.54247682922701
60.504112211280955
63.338167136889396
58.88211287263306
67.55553545025901
64.03519342355801
66.60149250628507
67.67004075130157
54.040230973005066
58.202798793510944
64.471367837163
69.5410452794006
58.77586671172069
58.1018530012253
65.83062262072943
63.07042831531167
63.42239946333
66.87577281692877
62.04438651293855
60.5727706515112
63.19337320345077
64.56579147841701
58.64174483034195
66.57711016314397
59.750385330339434
58.36875938498116
60.81489343017587
67.75177860744634
63.46983026015886
69.75463023392264
68.29913485377236
61.37154245111724
61.57933668365997
70.41231943851689
68.41991717158479
73.33915496871919
66.43979874416203
69.02746231370972
63.15799732280735
67.61494440095879
68.18049316126762
66.4969430320841
62.59040990168523
67.38513689648858
63.63185975934812
72.31632884278335
63.03446167612941
62.41916002748282
61.134429403309
73.13796847668326
63.18492341279098
62.26091271639713
65.83795817580673
56.33503577028908
60.16004366442775
63.593966605053
60.269522775460054
62.934954238624286
67.67606184367067
67.0188410658678
68.15470081432703
67.80224966390576
66.17381954948577
64.41141573427115
80.45352689558375
54.783309493902095
63.12546801817909
63.477151561552915
59.14478947633949
60.20628001668863
59.80927046532559
73.36476293539184
63.2690832005201
65.11984851630152
64.93668011957992
62.499632295121536
68.90988726991279
61.67907492224198
63.53759945573874
66.62815534235312
64.09333465070821
67.45587462900853
63.15161314276734
64.68803723754031
65.18916325810116
71.80341973661712
70.761838527517
62.90230569777427
72.22829613092657
61.36230350697323
66.81112158568385
63.79966188867453
65.84128068557926
58.663610282303566
63.28892479893659
67.86648966406541
65.05370123387628
58.202467098740705
65.18872233104118
64.09653762774681
56.10030370291137
65.40541580432739
68.0403758488437
63.584332876224565
66.49854054445174
59.75628887358722
62.97001292529149
63.873566852815436
65.19674211677152
76.14055876093349
59.99021078052067
63.70145885806509
67.47092907271987
66.33983095749223
66.15803118303812
66.33195216786122
63.94245661358431
63.169615099916264
72.62803052061273
64.24324672550831
70.09663885424334
64.10829829342673
53.10767696050459
65.4109772663091
69.55751203077772
60.19632363484837
54.75813291521948
64.5116987452041
62.74497023070224
69.85823916607922
67.1621371921436
58.40852303089253
62.449439468766684
62.79840624645636
62.22646715393848
65.45690488998443
62.85887137318729
64.0079238581281
68.07904954379894
63.00905683100529
59.735536095109936
63.93279584750937
64.87079644998883
59.20090787128953
65.19170049775553
67.513023779529
64.32173334344894
64.30793777436077
62.212589360095485
73.04995990152021
69.60593407356825
64.30849230835707
64.28441156427712
61.69630406255332
64.93400930336806
63.14355819965509
58.85593404765628
63.17408629390498
65.46200112123658
66.18681434246704
70.88759122169283
67.26092332328392
66.69881869866315
70.1299450314035
57.39042612728343
60.28586308015289
76.2615153206834
67.75668849469305
66.87650310524644
72.18169734211662
61.35792138723762
60.19618248485063
63.357896183563426
64.03183588646513
65.85603587876574
66.517472144815
58.74205061397802
52.36996560897778
66.23769159917374
64.9847620665808
60.13209122339069
65.68736996124758
59.69607656387037
53.27080583043982
65.64458517612226
63.958214657067636
64.99299975228863
65.63978389761014
66.57230059148809
66.04480097018379
61.93394999803867
64.4175050855059
70.4689990268833
61.849229726114444
61.44331398534508
64.18605710511933
60.12986080575804
62.90040790982397
61.293597828985824
62.02085905556123
64.82355750153297
64.32276930515181
67.68929285256415
68.68123771389932
63.23973332220486
58.4100171586862
65.07016950179528
62.81447801817314
62.74384979714397
64.51679169838084
67.19091960027308
67.2415379160827
70.02724438410223
66.36460625543403
70.25910098998935
59.64695306892635
63.58335504364446
58.2741207003662
63.75055646761776
64.95171581752442
61.45460680440388
67.56461841561209
65.32962461336069
59.38663358094585
62.34840751782691
61.77293702560195
54.733724922386166
63.93977441052062
56.57412852778336
63.10132200684241
62.3589412921034
56.44017435432582
71.14460525973922
64.88093158189429
61.769443313256645
65.11922337649182
67.20440056034703
66.23989040102623
65.51468050072083
62.8938565721321
61.01419700084161
64.17992366318522
66.22215168300441
57.899836838398656
65.25408966685862
49.657798574009206
66.56371573615637
61.75804294575565
58.88223531299171
66.65036912806885
66.90368756882366
64.65494068467663
61.55100197286371
59.349495648070274
61.94937569209762
63.71659370334149
66.98690457180176
66.10235848744696
63.26556475111876
65.97151029330152
64.35255461015926
59.23721365938103
65.41698660929538
66.66285987592656
65.71118365308189
57.051008693481755
63.931461016417195
63.524510050600014
62.50353939413184
63.32036210103395
66.80389193516852
66.05140131959816
65.17252412119882
69.691120206166
63.147596096609306
60.7045807517431
65.7559013257172
63.47749735916837
69.22297406398069
63.38323208739005
65.42047182711829
65.73735501759872
72.00913276713939
64.11648041353178
66.5934004330052
65.85171011065704
63.1068063627886
67.15102684357389
60.56407603296507
58.41098921439837
57.824942697347176
63.83782940892401
62.54729872741242
52.81441924307575
67.60168362618666
62.7731515805496
61.782795663931005
62.1577897874313
63.31864293609408
70.84821602185964
50.4948157473746
66.0932420291923
66.96644117511073
61.827321993523846
56.568821304485716
62.626836940556856
63.2842064819295
59.125818922261814
65.99667984231233
67.36072678401503
49.9423981918175
66.09526636486038
65.78979863528654
65.92711819207139
62.21222149867649
76.5285622905533
67.64251416313915
65.79251133317975
64.67315086937215
61.46925640107059
64.8645347442484
65.63713811024196
60.60890883838395
64.22467460216481
63.927168903383006
64.37357190944152
62.91571566643163
63.37256950187204
65.4834183348647
55.226147795232094
69.48838273623939
59.21320607737554
58.62182644533579
59.478053645635136
61.78162366787182
65.3410356656436
67.30447356573791
74.64427486873619
66.03156498261573
71.21365701036082
63.40822314885401
60.14677388554219
64.56713110370652
65.87917574602629
63.73472563876391
51.80785342620085
64.09205118239409
65.42056804750278
65.0736104993367
64.69391576336714
65.27690241039946
64.10026249293038
66.36421493198277
66.43504010692446
66.56385239981482
64.27395157065445
67.25261651576695
62.25578844006923
66.39673056431872
62.67414550280364
64.56929125863792
64.17385058984453
65.75864200078819
66.4012664633963
54.02999172694808
62.34308601917058
62.40341743416856
65.06571369801112
60.82386122430523
63.38895700433535
61.78692684033358
64.11344701720549
65.46540695902318
64.09057183083807
66.99997778609693
66.22538352636167
68.61016361243064
67.60522619862094
65.59507416841991
62.94646032299081
57.55162693044434
63.024788719297675
60.568710170959946
61.80623424099657
65.21904447430485
59.20837465664728
62.89283240125948
61.16159638182101
61.825577040424655
64.31362646997265
56.87535074671804
74.95200203352672
66.96026733833318
65.7623865368009
59.20166596294993
63.70365848552014
67.45283791097107
63.23098489302269
56.874485836063585
65.40521834780046
63.17538446076099
65.55750214777177
72.31712797370375
59.391814895888245
65.16750817083047
60.584473389410064
60.57053834849223
66.20420380463982
62.363111400574816
60.332168103301925
61.4889742571629
60.423061888567844
71.75795814020466
65.95919013952503
63.53105293374727
64.37218147047689
68.00088151222127
57.29672698408286
64.0785116047781
62.80230968030276
56.88439254831691
63.21564001600425
59.90575967140841
66.37924353857991
59.82463389818464
67.5890570577894
68.18529269185035
64.23088059476953
62.3862897995064
69.2751099781681
63.29748440211005
64.69003451958295
59.965175883019086
66.66951952502615
60.72904164727321
68.3937872605743
64.26605506870189
64.86946719647868
54.10858351522424
61.48448279961783
68.99476750747513
62.97945968360314
65.61055610232965
64.02425001062082
63.168757344438646
61.45565171061246
63.75475452212931
68.1149901783209
73.76251640201095
61.533661332636015
63.24115019026684
71.02882367403836
57.38714138109104
61.74222407935778
65.44418008843886
60.92194393798699
56.183741395238535
63.290838279955786
69.14889238386465
63.24367855288767
63.78252547900961
62.504024149046245
66.55472246176623
60.173065062595846
50.33981913927444
64.18800021542759
64.67960486441633
60.52520396547339
59.78175500671312
66.55871590088921
62.75169452874705
61.985005519260135
58.05212423074424
58.715583281032686
66.36697050251408
63.54056304132053
68.51534571493428
66.48673070114627
59.51539631497538
60.12238396759256
62.87901524311628
67.27210221430788
55.51585425191736
64.5343815983473
67.78559297742365
64.45395794851504
63.43633618872951
61.38914704407782
59.54961040872727
70.5012210066345
65.61298371762832
66.4838484291552
68.27458280683116
63.908679220775284
67.53665451338017
64.593135538855
68.07570214485962
74.00811781643624
61.55532241690894
62.33016344311805
61.172161826241464
65.45276525026674
63.68064328894059
62.63968941684185
61.08831252873415
64.13556359727264
64.34763228795808
64.02987622442843
73.30519139394735
58.757937168544785
68.74355124020968
56.80476159850645
52.632701640312824
63.85746739918215
62.44549042556951
68.25471235647012
64.98564301727876
66.70271447470797
67.74131758136727
54.687554698081925
70.63701547794321
72.92247983812184
66.3875601037328
62.45308499579201
65.88816103470641
66.84351470262442
59.59466163252612
58.543283257319494
55.02777092652772
67.27378235130087
70.51477162535089
59.595040300755535
62.91633707126045
64.43312207015045
63.00112935422132
67.37868232993809
62.79434017765411
67.8003503487208
65.09209191248576
60.98014916961634
67.85607990821521
75.23378456497
63.75979465957015
63.77140634333845
75.9621823003328
69.80889863117913
64.88753664167017
70.28069604973876
60.31166237414182
58.394224954289896
63.98592963681579
59.35032069482534
68.31000383784267
62.62298696141422
64.20812345507579
63.84350013758116
67.36923343485607
67.12009867339391
60.496357019550004
44.01216138298311
58.5547540033437
67.98447188136468
63.35192710647124
65.17477058670374
58.6099700081069
62.46180977763072
69.80001067020724
75.54617476616619
58.624472284240554
53.58829682602793
61.95213200387484
63.17482494237011
61.85273600101693
66.11515481456065
71.03116420673058
62.80873952321532
66.58968940968123
67.31969468771985
80.1587159102238
64.06738489969236
61.928077586492634
64.10862298848159
63.275176435190154
61.62670093583635
63.68288881756399
62.19528090284632
56.10690025874581
60.34858118700957
66.03479213630169
53.69014294386428
62.988683503916945
56.84960124347534
62.56418032938936
64.9903744560593
63.53293225342196
63.03700253920262
64.52143713893157
57.85294660255322
58.627449338414365
64.44374651586521
64.64099640557376
62.82168063291142
60.19650448365715
64.10953559848963
53.83174391615805
64.44334862594403
67.10700800498418
65.90724700158253
61.96917431944281
62.76485513090168
61.79300184618825
71.27614026022151
63.92031640367205
64.198715627755
68.98594338882265
64.33991426101112
56.52981219979698
79.2913428708393
65.57056840810478
68.399401413501
53.459778800303255
65.01311311345633
62.378873845290485
70.26826952479972
67.06247229194813
65.11633022201158
64.31067347373957
66.57648164488657
58.7784549531661
68.09089404244725
63.89335791759604
63.30616246877873
50.85492460081757
64.17112467286329
62.4440783076299
63.980399861699034
62.60636348698821
61.36850476884421
62.41949709728489
63.91999179046472
62.2211535828473
53.399358374079554
72.89827307307938
62.22842333679334
68.34079595149161
64.73018141060261
60.28101158951608
66.36233306992872
63.4988492986109
64.91180600619002
68.58835958712484
63.97103826926145
62.80558696851594
54.74103053743717
62.82734816175332
69.79011399685805
61.772317139297186
62.423001495401
56.92475247410159
75.29273802991281
67.35154695603016
64.45876676152737
62.00691216243192
63.73512433459998
65.23596628437954
59.13585380174297
59.65148298567299
71.47321443674413
71.9663730829482
67.99778077297871
67.54543733245374
71.65356650259197
68.77483608575561
73.68924230687433
62.210480474520395
62.525879939012185
68.61054476630623
62.612161472086655
60.29233443623736
61.833309168809556
63.36861605160373
62.86834262418239
67.36815469073841
61.84843132564528
60.63234304725103
63.182224823976064
64.76828022803501
63.12810571207893
63.330196348176905
63.8898066681959
55.9916187861929
66.65519725969237
62.58729487531782
61.891036745977495
54.46896299057404
62.412052256064094
76.32131166953671
63.95262445933937
64.99058533634498
63.54456008364183
62.985045798556506
65.59287469536879
60.672008609307156
69.41817321554696
61.75305901324366
61.23897526586705
65.44645897251144
62.77627043683297
69.19936417907684
65.34537068692269
60.782435685348126
65.49484063310473
61.59042825690816
63.248246949218704
67.2760391815863
63.25568702552095
61.97355161781359
70.04163622916796
62.68460346374934
65.62608035311702
63.416051706979964
62.20912116358546
62.404159865866966
59.85394054434898
73.89264923894757
60.19736709747524
63.21478160550739
65.26108721356452
64.10445120650974
60.077924669878335
63.64299998793837
69.25942548141971
60.21461671768044
63.50823646534213
67.32021985440095
62.126718586308414
59.37023361599371
73.05904945535877
65.70979668964554
65.98027144284175
65.88576184711698
63.75386815669053
65.2307221225535
59.70087730539965
61.31722775004612
67.12234551901574
64.59634240328498
64.88141257771521
63.0808148321875
64.88644140204737
64.38255720061862
66.8659868878589
67.97359206870316
67.9669680073829
67.46432469402433
64.35661969600122
66.9984662969006
63.479809791333004
68.36447580708038
64.28418888064309
67.32066598826083
70.45780918173126
68.19607200435473
55.44843277913319
65.76049806566851
66.26348771572731
67.86863070553555
64.75486373959254
64.12322672983487
64.3442224770947
56.74053456968581
61.993747597911955
59.060076401682494
72.81701198380088
68.18424915965383
61.58512586888894
63.57814207754709
66.52942277242563
66.4810912539511
63.72575938748325
68.73876077931214
64.7925658498496
58.124401556300775
64.39910954552808
63.01386511057594
66.63543523708935
64.52840781065798
67.55904419731326
71.08756865223638
68.66429692509271
66.92786557268472
63.76755629427768
60.42469539251631
68.48000519005673
63.65614813283272
65.23876144595383
63.63078125852781
69.00610103520054
61.224484576753255
65.06639120409392
67.0996247396093
64.96588238577226
64.57929581408196
63.61282569913366
68.11838826809132
58.877766811439066
36.29032731644935
61.51805449879935
66.32618237599138
60.147240046947594
61.261751511075104
67.56601562451173
64.14162663114571
63.32047226667855
71.8880018438112
69.70166829812644
56.83588971444878
65.45947855393622
62.10940946781361
63.381811596542484
60.62133925444721
61.59671603454188
61.66008221038806
59.9410618377828
64.59588162383173
80.6896078004863
63.45841950177765
61.24871992796225
59.80645141519379
64.02086450370919
65.30479714496315
61.68165858636587
64.49818772039318
63.09637149128727
65.67755163095636
57.82016776774193
49.3325133687827
60.77855545160345
66.25048950463142
62.88462009251629
64.71167669816624
62.70532304262987
76.60462675385423
67.50023465442172
63.4046932516357
60.148144099526405
64.88720306167586
61.99633613821718
64.24898519419679
68.0403370906745
58.751620404257125
61.394103049505354
63.836944497637155
64.58059993018728
57.38152464639313
66.5728138825881
61.269694600693676
65.2979548531884
63.229257533067596
61.334023408912955
65.53444188180495
55.70518940402264
57.365577853352505
70.3047372049042
58.80031004273054
67.73805558533604
66.58005298065919
57.15751940399497
57.872703007072765
61.62184407729514
64.34756281069598
67.19267881513314
60.51309204639254
65.05320293328333
61.82472772076118
61.24181052652477
61.526935940616696
60.57737756063492
65.21839036744814
63.823532216624045
66.7829450071924
56.33629635190506
64.32673734491789
59.106347338347966
61.54526447216045
62.996026657917255
64.34888125247723
60.5736097545779
63.51598871439407
62.45649124233102
66.33627697952754
66.08109221777933
67.0502920550966
61.09203348682988
62.09549298020846
64.09796296391102
63.96604155896094
59.55335081209413
63.1540783809864
65.65361361007687
66.08415007130009
63.97898173819101
65.11566901033127
63.94462567245742
65.97584772767935
62.47761462065281
66.18842590445824
64.14305737848532
64.31517284635962
61.71797833424697
66.2979674167222
62.54816602604308
59.3082814166915
61.370242250544
65.94024059362418
64.30120295004518
65.0872508136998
64.1382856373551
61.44553734370833
64.50603601653665
67.86410975449627
61.578159206372234
69.59643799184067
58.1097804555036
62.95402526144017
61.16042149480772
68.61550333401073
61.835432938070085
68.89856445461321
56.19164997920902
62.37289200052313
58.568644684925104
63.767725979905805
59.553190882329766
66.67449737544631
69.65368152741534
62.77999600609276
60.10222469434956
58.3870492567987
72.5818205255156
62.44446318756386
64.41574876306161
57.781950297617314
62.32019661629775
64.7340451727204
64.6547919866803
74.61286456931944
63.75703446308074
67.13804766664204
59.58912854946604
57.51748166187526
65.66195613810909
68.84548350983681
63.454583335257276
64.54616285809884
63.889588072227994
65.43292028562036
66.94120371775333
64.0813136137014
55.842369672963414
63.94710315382459
65.60502262555998
55.56474623257575
65.57168032281199
63.989078731555104
62.653094901030244
62.645060584205744
62.26282103748235
62.66848863329737
63.47685630685347
72.30928292988857
64.94310573235414
61.48906604527532
65.72147416076466
65.30380848091697
62.987070950994784
64.09529831843287
64.65502237666387
64.74691188404965
63.231643965803485
64.1709771882381
70.78596356851156
60.674166036477445
71.49093556863451
62.937831790298915
63.73784269128784
64.41071016281106
69.74312161269057
66.02929559541913
59.62919125432291
63.01849814353353
68.12382915838099
63.95397150531217
66.84540078089634
62.59829072466044
62.75284422524343
58.36340790950001
61.24368469952304
64.10263933777024
69.73972153928213
60.57958395105857
60.603581634422966
68.44203589417127
64.37686313259167
66.19726817197225
64.14189705343577
65.09672367580514
68.30203174799297
61.80210938853474
65.30329055231068
76.16719446566685
64.91674745252027
63.35307045455616
65.00543366672564
65.16638290574019
63.563448360999224
64.42273280660274
68.44410324862558
59.90658527903502
74.42464717455371
48.65531817676927
65.74498189631885
67.98787658706908
54.82271347262555
62.44775964019529
58.05255370273493
61.68602402658206
63.30390503385542
59.24109498388455
61.08093865746847
59.37084828964311
66.60783497872988
66.92582105020267
62.77590133134907
66.3610798142919
57.25682455556553
62.010590698554765
70.20971792063625
65.01990097307194
62.618034422450016
55.22516123136006
68.24534954701912
61.469909250018766
62.46213961062681
65.99463276034842
62.33498450643384
65.33408268027993
65.03389869703645
68.51549256389049
62.20727543880939
64.20415815995123
63.04929449517607
64.27201650130048
61.91940337575554
60.37925185079295
60.26071413758183
67.29216483780985
64.24992581474753
67.36966203222809
78.52671082590003
56.83924994253861
64.24576978223541
65.98396899433912
64.96163932116886
63.35130748777826
63.91611688111703
67.27313338937368
68.92877961808183
64.03420959095475
64.642673853063
51.872803780306114
66.03990416705564
59.7784189967643
64.15880856371155
54.38382791133385
67.79545016578183
63.347968823754755
63.837729346743465
67.2643843346091
66.06222741779045
60.21398993125679
54.800374907891594
61.18333386030825
66.99059103086817
51.83984952975961
67.34425922653935
64.78305398787879
65.22010519289891
63.252853224363264
63.83939764895011
69.06615578605275
53.302556766687744
73.99420494138414
63.78171393994097
69.71081812553045
60.39697426684472
70.66694724163719
66.01411749439686
64.71433320089774
67.87599348138569
66.57657244854195
63.79902318677944
64.41628176537881
64.2436655240602
62.44016637990262
63.32814349891042
64.63200041703578
66.25970519236901
61.53214968022049
53.14788899331905
65.59942699128304
59.568633899192186
68.83652376378554
57.89900411369894
65.44489465283117
67.62752157250712
53.43848377637709
61.57860783146055
59.531721507343235
60.987696279992186
59.608746489999376
63.405571027372716
61.535161704040355
60.052219146316965
63.328903836220675
63.58793284506433
65.38410454914803
64.31334960766723
71.33622346280605
62.45963411240943
67.25609133650836
62.9923331465461
66.34695915120331
59.36199027670694
72.45722711800869
64.73724892757996
59.65081939183789
64.83218308436985
62.629734341844646
59.233473774212854
67.4270472501647
65.49712541954612
60.4920233510822
62.289150775367396
64.19854710980627
60.607448866352996
65.6995612601116
66.69135644839284
59.42806348563998
63.26773415217646
63.946521597369085
67.67269344629659
71.72734037877979
64.13295219194075
63.83394138984859
68.02099867319336
61.452262994919835
62.11276563627288
54.56922799036347
65.42528013650514
67.190117694129
70.4794037495
68.68322668989991
65.80002801485017
65.08266744185917
68.9171663758331
64.20678441372634
67.71661241910977
64.84369894065196
65.4263084335047
64.46471515009306
63.72870817421592
61.72529314002788
62.222718952824756
60.17864928677172
71.20894166455979
63.77883484431001
63.55155168741922
56.47185795447067
63.09876127087847
64.39041189057818
57.6866705148691
65.18188696197997
64.44983007771968
70.69336804320415
66.7447146674185
63.33322099496539
62.61644429082621
69.57101740085311
65.55165501340215
63.060439791372254
68.23728362677235
62.16203992022625
62.01243720683814
61.81867472206535
53.210882792014814
55.92749664817916
68.59776791439134
63.85057218756211
64.07769578011555
66.97555184822765
62.499771799574475
62.91051588868558
56.16049442927732
68.98177109820293
64.15624949727908
67.64024272736265
66.7982845987055
62.887943725587945
59.38073954726487
70.73786639552249
62.76917476408337
64.6310316812061
58.09616484366085
58.18936090490703
61.96165529265405
61.31895238033877
59.95629454607741
64.10280093267986
59.69450771154944
61.86534184931706
61.83671262947751
68.53527853065731
65.32742875783478
64.07618707295629
64.03919347056623
55.28879595853897
63.843090015780426
63.606438140591294
66.24682223920162
62.046934672096384
62.19953996424505
82.79462815156172
64.95469501177605
61.08574902662323
64.0469693176421
65.15867059218498
64.9077762865445
62.844379705668615
61.935485501199224
62.529431772391526
59.16891618959215
62.89117297498404
62.78061228689221
58.90480188521315
66.86036844219882
66.50093622239106
66.74643693521627
69.78549627447595
62.557766629722394
62.12172030855881
64.46964234772418
64.68920383783565
64.2478482218977
65.77549907976669
63.13835960427878
63.88220897543533
58.88735324743
63.48973102707803
64.07462902545988
58.05062004410034
63.20512205701525
62.940583819019075
65.57788524229133
63.583335315445794
69.44942542657847
63.90037759223438
63.25351746797944
62.392396365539625
57.60919545579305
65.73715721606516
64.74915641359391
63.159439085273064
65.84140271795044
72.6981520450619
59.973624661089815
64.36059859110911
65.36106254318989
65.40632423354842
51.78492218697639
66.84903362408654
65.0370367955931
65.02291513400976
60.61471549217069
64.52017408439342
65.08362723651949
63.104267887594645
63.85302502281737
66.86092557184548
37.365103897163
61.68992535477243
56.85746199274424
60.09829186703166
64.04309843300855
65.0134418504145
62.6240584721307
63.48526859108566
66.37916256900826
64.00672131615879
66.32104531983407
75.45549770316545
59.008923330327455
71.13387227849857
61.87112870184533
77.06911932122834
62.960380833584225
63.15773552341352
62.37313900114012
65.92749474619289
63.13756230278185
62.94463956383247
63.59729129732084
63.59678277754557
63.76107927407264
61.59171582612841
66.04482025625862
61.1187147267255
63.14647217111323
63.31000464060326
67.44906808355285
68.68688205276493
54.070301436108096
66.3301695986532
59.963543331209024
63.323107454158944
67.61528602875602
62.939119059196294
68.44495831748586
66.08324500319918
64.40375038871676
64.61158392441375
71.64599248277162
70.47634547574602
54.30869646370046
62.22920525860738
66.10126586536612
66.9286700836136
68.35992513924229
65.41018787000975
62.37486547836887
63.37681949068266
83.88412519599294
61.80520961581664
64.14409619855296
59.143669830973664
64.75722163732453
63.803377965520426
66.46175864481549
64.02639893616582
66.56195094031229
65.31839915324991
61.51854223319057
60.350539774804695
63.98928917130462
61.343055129117715
70.60824455925233
63.49799222765033
66.08149217789148
65.09405826367974
65.66991342835857
63.34809480049035
65.71340070504799
52.85685333128788
64.16651603760621
71.3240356535089
66.71242231875814
66.59252467492837
59.92699619502676
64.18152163950953
67.32392793000895
62.92368815608534
64.86735023755446
64.03223737552388
62.90196251867404
57.622415425588905
62.95136116064937
62.918781977571534
59.611853426533756
68.0550862838024
65.21111665170305
67.41962025416107
63.207023649638515
62.8557124942539
65.81769682000643
61.88927976005023
72.78032926552092
62.443237479479784
62.68545759558259
64.71221720203006
61.15992140783983
66.94142384894222
64.32474956951606
66.04381951637237
63.10870416768395
63.90719384777592
67.31110008899323
62.45421752331953
68.31333982069671
69.92924074193937
56.35153213743794
65.20445365282771
62.76729966285033
63.00739395246087
63.255603817506525
69.46106620848819
64.94591781680481
72.23937885702509
62.19156913540126
56.586666950098646
68.85020891216641
58.62090799513834
66.6286893619255
60.840135819521116
57.02232413366471
58.115481706185
65.90291161934518
62.44965658112049
64.58999319774674
65.65641328346119
64.43384741643007
62.702560266009314
57.43786076954756
69.43916150996239
66.04317438881188
70.10690623221501
62.63689385271776
61.7871207440603
63.460522771850705
69.35414318680837
65.15321216409542
67.97342706680564
62.99415538360019
65.36135798770385
60.36998742939327
63.39582338396635
65.2988992620092
59.309793582392864
49.75582837491074
66.29494219704152
50.9917189949233
62.83701366730874
65.13139004476058
61.25590177725735
64.21748304160249
61.8833295241754
67.37543377283025
60.57551201028687
62.91129567305429
51.769215734211336
61.39674429014182
73.45707190439677
65.51877122345667
69.34461699160981
69.88945026253236
64.80309826353391
63.17210838053495
67.468292421869
66.0318208402832
44.60384803009386
72.1295916002941
68.35282098352
64.42699186922725
60.19127993065564
61.43411065396767
63.58584033862877
62.4152450942751
65.54681743327303
64.21671397561937
61.13799694196014
59.557863557019914
81.06273269839386
62.473456239130854
68.15502942492192
70.15465945621254
64.5693148857738
66.79363237270788
63.715309729446346
67.55284502924812
62.02069251725881
68.63293031404723
67.42651755386532
66.39684616649498
68.94493829927234
59.17982076142848
64.34330914956739
66.93795037455078
70.67400451248345
66.00976396019341
63.27678070632142
63.98064591566054
57.75230342548774
62.911555311965614
71.34282518359997
63.31991251120782
63.912079636757404
63.976588387513075
62.25712954903076
65.73815214645302
66.73513845993219
72.12172611242231
64.60387327158125
61.734377327262784
62.43411629948318
65.00022100826416
65.14961892947453
55.48348277170064
60.64369158022272
61.695392819086095
64.37089878631906
70.3148183352377
56.95763486041054
63.9944319576004
73.39603084137079
58.73738569207072
62.210846896278696
69.07790322904239
62.99154035390166
67.22972384400873
62.46498790429586
59.81423683907701
67.42479879951154
75.0097380179907
61.039450381344565
67.61416598145237
66.44415929517032
63.830395302293496
68.36745622429427
65.12046319146093
65.28214655191378
67.77917713443209
67.45893553153792
68.77007946509414
77.19379191780246
63.87861929833279
60.87431760812221
68.73029375027372
66.40466534272113
62.88802569480143
69.81750036224791
64.8634366639987
69.40632773152404
61.79680090006705
57.1775078265855
62.15673023678583
65.02961447337786
65.3347494319978
63.11380199609176
65.06506038698753
66.65004820749029
62.93767954455792
61.90418917654658
66.83930969472176
62.65232902132023
64.2447991504442
62.71395264215127
65.24779817371011